1e-08 nan
1.0966805983368674e-08 nan
1.202708334768512e-08 nan
1.3189868961986692e-08 nan
1.4465073385216472e-08 nan
1.5863565335085896e-08 nan
1.7397264323438024e-08 nan
1.907924224765265e-08 nan
2.092383480396979e-08 nan
2.2946763672319363e-08 nan
2.516527051405389e-08 nan
2.7598263924661804e-08 nan
3.026648059395689e-08 nan
3.31926620473319e-08 nan
3.640174847446138e-08 nan
3.9921091297480535e-08 nan
4.378068629038167e-08 nan
4.801342923653455e-08 nan
5.265539630332755e-08 nan
5.774615152359826e-08 nan
6.332908400455115e-08 nan
6.945177773823689e-08 nan
7.616641716552892e-08 nan
8.35302319502677e-08 nan
9.16059847544371e-08 nan
1.0046250617173402e-07 nan
1.1017528137883873e-07 nan
1.208270935044776e-07 nan
1.325087291997954e-07 nan
1.4531975242368954e-07 nan
1.5936935303817761e-07 nan
1.7477727744646808e-07 nan
1.9167484920568131e-07 nan
2.1020608831301584e-07 nan
2.3052893870517107e-07 nan
2.5281661443315005e-07 nan
2.772590759860481e-07 nan
3.0406464934670685e-07 nan
3.3346180157863626e-07 nan
3.6570108807774934e-07 nan
4.0105728808554956e-07 nan
4.3983174666502285e-07 nan
4.823549431001468e-07 nan
5.289893076098146e-07 nan
5.801323103833378e-07 nan
6.362198492657495e-07 nan
6.977299649665538e-07 nan
7.651869154570818e-07 nan
8.391656442830161e-07 nan
9.20296680876041e-07 nan
1.0092715146305697e-06 nan
1.1068484885494119e-06 nan
1.213859262690629e-06 nan
1.3312159025043077e-06 nan
1.459918652473977e-06 nan
1.6010644613183177e-06 nan
1.7558563314144707e-06 nan
1.9256135721291987e-06 nan
2.1117830444482424e-06 nan
2.3159514927431547e-06 nan
2.539859068780724e-06 nan
2.7854141632417634e-06 nan
3.054709671159968e-06 nan
3.350040829913136e-06 nan
3.6739247818020742e-06 nan
4.029122027951344e-06 nan
4.418659956385941e-06 nan
4.845858644816501e-06 nan
5.314359158053242e-06 nan
5.82815458123084e-06 nan
6.391624053344005e-06 nan
7.009570091165618e-06 nan
7.68725952166372e-06 nan
8.430468371788967e-06 nan
9.24553109823358e-06 nan
1.0139394576752918e-05 nan
1.1119677311206978e-05 nan
1.2194734366967383e-05 nan
1.3373728582124977e-05 nan
1.4666708663439686e-05 nan
1.6084694832653552e-05 nan
1.7639772753140453e-05 nan
1.934519653744044e-05 nan
2.1215501713624482e-05 nan
2.3266629113314578e-05 nan
2.5516060737271865e-05 nan
2.798296875655116e-05 nan
3.068837891917639e-05 nan
3.365534975507094e-05 nan
3.6909169106627825e-05 nan
4.0477569659973224e-05 nan
4.4390965313921666e-05 nan
4.868271040122284e-05 nan
5.33893839714735e-05 nan
5.855110155867232e-05 nan
6.421185709064759e-05 nan
7.041989785449296e-05 nan
7.722813571388642e-05 nan
8.469459808314577e-05 nan
9.288292250172499e-05 nan
0.00010186289902446865 nan
0.00011171106505048242 nan
0.00012251135766041176 nan
0.00013435582902208263 nan
0.00014734543096198345 nan
0.00016159087538959193 nan
0.00017721357790803584 nan
0.00019434669265360182 nan
0.00021313624718414376 nan
0.00023374238708918126 nan
0.0002563407409296515 nan
0.0002811239171408461 nan
0.0003083031456568277 nan
0.0003381100782480682 nan
0.00037079876291681727 nan
0.0004066478091781854 nan
0.00044596276268190954 nan
0.000489078709413959 nan
0.0005363631316739235 nan
0.0005882190401699955 nan
0.0006450884089267686 nan
0.0007074559422819879 nan
0.0007758532060787828 nan
0.0008508631582640582 nan
0.000933125117507824 nan
0.0010233402121916423 nan
0.0011222773562085072 nan
0.0012307798025066657 nan
0.0013497723302339417 nan
0.0014802691267395071 nan
0.0016233824316122783 nan
0.001780332016430112 nan
0.001952455581016861 nan
0.002141220154815727 nan
0.0023482346005542763 nan
0.0025752633267711986 nan
0.002824241326078436 nan
0.0030972906673314067 nan
0.0033967385822722095 nan
0.0037251373008002097 nan
0.0040852858039285575 nan
0.00448025367982949 nan
0.004913407286296357 nan
0.005388438442608223 nan
0.005909395895340965 nan
0.0064807198263119705 nan
0.007107279696773412 nan
0.007794415750404951 nan
0.008547984528840405 nan
0.009374408787663 nan
0.010280732238308648 nan
0.011274679582449449 nan
0.01236472235053715 nan
0.01356015110565632 nan
0.014871154628089538 nan
0.01630890675549331 nan
0.01788566161883462 nan
0.019614858085794294 nan
0.021511234301821672 nan
0.02359095330508634 nan
0.025871740785959187 nan
0.028373036165162114 nan
0.031116158278243565 nan
0.034124487078528894 nan
0.03742366290721977 nan
0.04104180502904709 nan
0.04500975129608042 nan
0.04936132098237917 nan
0.054133603029653754 nan
0.059367272160691265 nan
0.06510693555481455 nan
0.07140151304013388 nan
0.07830465404301183 nan
0.08587519484845162 nan
0.09417766006869518 nan
0.10328281259410274 nan
0.11326825671361537 nan
0.12421909954526161 nan
0.1362286764141647 nan
0.14939934636052563 nan
0.16384336455779847 nan
0.17968383907677193 nan
0.19705578015017963 nan
0.21610725088083765 nan
0.23700062920093257 nan
0.2599139918382933 nan
0.2850426320853432 nan
0.31260072430687036 nan
0.3428231493733967 nan
0.3759674965785468 nan
0.4123162591029748 nan
0.4521792417370702 nan
0.49589620138372115 nan
0.5438397428464791 nan
0.596418494584246 nan
0.6540805914998246 nan
0.7173174944465612 nan
0.7866681790071574 nan
0.862723729246145 nan
0.9461323755890759 nan
1.0376050197669096 nan
1.1379212939153138 nan
1.2479362054713115 nan
1.368587424502515 nan
1.5009032755797336 nan
1.6460115023085498 nan
1.8051488792211101 nan
1.9796717529513286 nan
2.1710676025372626 nan
2.3809677173803583 nan
2.611161100917462 nan
2.86360971850811 nan
3.140465219496749 nan
3.4440872759738235 nan
3.7770636945393568 nan
4.142232472483889 nan
4.542705986374043 nan
4.981897519205165 nan
5.463550352214865 nan
5.991769669310613 nan
6.571057546036271 nan
7.206351321293059 nan
7.903065678861331 nan
8.667138797389224 nan
9.505082962189512 nan
10.424040070215536 nan
11.431842501291479 nan
12.537079874409196 nan
13.749172258064204 nan
15.07845045861048 nan
16.536244070941787 nan
18.134978041964953 nan
19.88827856988812 nan
21.811089241915155 nan
23.919798400202374 nan
26.232378821631237 nan
28.768540901905855 nan
31.54990064958082 nan
34.600163921851085 nan
37.945328472369425 nan
41.613905533166985 nan
45.63716281924754 nan
50.049391027009534 nan
54.888196097896774 nan
60.19481973827262 nan
66.01449092734883 nan
72.39681140910876 nan
79.39617845382259 nan
87.07224849239904 nan
95.49044557518077 nan
104.72251898884355 nan
114.84715478402866 nan
125.95064642583564 nan
138.12763028320094 nan
151.48189222583474 nan
166.12725220342895 nan
182.18853434651652 nan
199.80263085725508 nan
219.11966875781428 nan
240.30428944069646 nan
263.5370519267393 nan
289.01597179095114 nan
316.95820887261084 nan
347.6019181541974 nan
381.2082795843888 nan
418.0637241455762 nan
458.48237513890865 nan
502.8087254942475 nan
551.4205739240302 nan
604.732244946263 nan
663.1981202212662 nan
727.3165113001454 nan
797.6339067929281 nan
874.7496301554397 nan
959.3209477938232 nan
1052.0686710236228 nan
1153.783299629662 nan
1265.3317593889403 nan
1387.664790981307 nan
1521.825053264387 nan
1668.9560099780197 nan
1830.3116756206093 nan
2007.2673035625683 nan
2201.3311074930325 nan
2414.157116103013 nan
2647.559270567064 nan
2903.526884977814 nan
3184.241601504656 0.9203731996618223
3492.095984787264 0.9203731996618223
3829.7139140462773 2.1995930680300746
4199.9729467153065 3.6354699612933197
4606.028844202388 3.6354699612933197
5051.342468816756 5.113387538414326
5539.7092811064 6.742622241778342
6075.291689016078 8.451366330684717
6662.654524581136 8.529644499741023
7306.803950529492 10.447659715608042
8013.230128396886 12.390621569479157
8787.954011821328 12.621213145225468
9637.57866384107 14.762814719093896
10569.345535579872 17.109339072690133
11591.196185988858 17.427746784089184
12711.83996869025 19.920457084538693
13940.828262825757 22.56074066496859
15288.635880587295 23.086779941871672
16766.75034527701 26.02647881969003
18387.769800823233 29.071233772725755
20165.510387247443 29.749075472144376
22115.123997254886 33.076497807442394
24253.227417603553 36.606951475968984
26598.04395593753 37.63358362286531
29169.55876018793 41.268208457029495
31989.68915434538 45.46295469532395
35082.471442397815 46.737951079924564
38474.26577258498 51.01615314749829
42193.98080805024 55.68596444286406
46273.320118786934 57.24766239702173
50747.05239490455 62.20048825634705
55653.3077842764 67.58181168161103
61033.90288028621 69.79813907830653
66934.6971295864 75.48799281653423
73405.98369757197 81.64167604921455
80502.91812295973 83.93129498166351
88285.9884149515 90.77326525210209
96821.53059967056 97.72146969725705
106182.29410993824 104.71768194855181
116448.06183726854 108.15187025522859
127706.33013086447 116.43031329208745
140053.0545393217 124.76595526308672
153593.46765108954 128.85762131855154
168442.97600423152 138.08297652180894
184728.14370996284 147.28827239074988
202587.7711735013 152.11855179861
222174.07810628825 163.00923609797363
243654.00091254662 173.8762400216245
267210.6155079427 179.57846470020894
293044.69769721385 191.550055557352
321376.4344100276 204.3197320195262
352447.30038015876 211.02034285685858
386522.1162631254 225.08800520954503
423891.30573387747 238.9892566231038
464873.37080202566 253.74903797335588
509817.6064420409 263.2815465648009
559107.0776755281 279.5415999067845
613161.8844795768 296.80586086655904
672442.742348425 306.53952950565144
737454.9090259532 325.4711605531835
808752.490877044 345.5719936762125
886943.1656014704 356.9049345675215
972693.3615426179 378.9470919074652
1066733.9377348549 400.5000757873595
1169866.4131013057 415.54553347188585
1282969.7978941475 439.1800892596068
1407008.0856026807 466.30349297427125
1543038.4691835614 492.82495700404934
1692220.3516410356 511.3387538414305
1855825.2277555189 540.4216420705893
2035247.5211835715 571.1586478126405
2232016.46929523 589.8896425508469
2447809.15704444 623.4401888627832
2684464.8109619655 658.8989550799917
2944000.475100028 683.6516004510204
3228628.202536727 722.5349491787177
3540773.9089652696 763.6298261282203
3883098.049059593 803.3501977124694
4258518.291843406 833.5293965098153
4670234.38832733 880.9371904473946
5121755.443364241 926.7593301146836
5616929.824163793 961.5746001432057
6159977.960380156 1016.26508939299
6755528.31533164 1069.1263391734717
7408656.834939567 1109.2898648952182
8124930.210614031 1166.9898186171426
8910453.324821504 1227.6910479883554
9771921.283717997 1297.517168657583
10716676.4803286 1346.2605792989054
11752771.174629427 1416.2866162991945
12889036.123908915 1489.9550728528507
14135155.848353956 1545.9277364194738
15501751.173357656 1626.339504048189
17000469.752067145 1710.9339072690116
18644085.339704853 1799.9285067824746
20446606.665791176 1867.545842761074
22423396.832198404 1964.6866461804445
24591304.254680414 2066.880249629082
26968806.263906926 2144.5260759716675
29576166.589932445 2256.0740664968616
32435608.07235805 2373.424250023869
35571502.06821382 2496.8784288843294
39010576.171909936 2590.6778586880114
42782142.01767604 2725.4325312810333
46918345.106077895 2854.0097698292434
51454438.78390925 2974.9075472144436
56429084.71262542 3115.254223555491
61884682.3862437 3277.294849923389
67867730.50723287 3447.7640547344713
74429223.30043758 3577.285099367881
81625085.14287204 3746.050032749001
89516647.21378283 3940.9016404034596
98171170.22752184 4088.9482262948727
107662417.7045489 4301.635758106808
118071284.66661866 4504.573251759472
129486487.11459023 4738.87960971767
142005318.16536817 4916.903577628046
155734477.2926135 5172.65738721604
170790979.73894304 5416.6869110331745
187303153.8506427 5620.173848083211
205411734.8353056 5912.508413831905
225271064.26459736 6191.441755977873
247050405.54568204 6483.5342860547535
270935386.5732049 6758.181168161138
297129581.8577334 7077.010661181918
325856247.61532295 7445.122910795174
357360224.60657954 7724.81145140344
391910024.94333863 8089.243486805979
429800120.6490781 8510.00724712229
471353453.47868973 8911.482322840247
516924187.3891593 9246.25711640579
566900727.1207434 9682.466119303173
621709028.6163833 10186.101701559815
681816229.4944493 10568.759711848094
747734630.517755 11067.360180959791
820026061.9934098 11643.031329208827
899306672.3187596 12192.312516491169
986252179.4868764 12650.33720395909
1081603630.3107095 13247.13987866123
1186173716.4524791 13936.192742241492
1300853701.0905733 14593.657991557637
1426621015.2607296 15141.893253043581
1564547588.6160893 15856.239617711437
1715808985.6099997 16604.286571875364
1881694424.9705517 17307.65534195731
2063617767.8638566 18124.17547374243
2263129568.3995295 18979.21642839107
2481930289.186258 19874.5954958099
2721884794.5751853 20716.49675602075
2985038245.118717 21693.83518385191
3273633528.7152343 22717.28133026912
3590130377.007061 23789.010410789007
3937226329.963475 24682.684522556974
4317879727.332022 25847.13507469569
4735334922.917121 27066.52070033247
5193149936.590223 28213.076759394764
5695226779.712796 29544.07998880386
6245844712.439592 30937.87571730143
6849696716.357426 32397.42629528202
7511929493.320953 33614.49000108769
8238187331.399601 35200.31472796683
9034660211.810534 36860.953621721615
9908136566.858686 38599.93617679771
10866061138.545914 40235.05548869293
11916598430.985538 42133.21743847289
13068702297.433424 43918.00892596086
14332192255.03571 45778.40538376616
15717837177.731611 47938.08495089107
17237447080.6362 50199.651331100795
18903973778.192234 52567.91122018419
20731621274.012352 54542.71305329825
22735966823.277058 57115.86478126423
24934093699.518703 59810.40962380932
27344736797.375744 62632.0745219868
29988442312.310246 65285.21141127834
32887742858.2551 68050.73696735193
36067349515.74032 71261.1543011173
39554362447.3471 74623.02891391092
43378501875.58967 77784.11071286467
47572361391.8787 81079.09806731662
52171685755.54333 84904.1520408872
57215675550.6324 88500.74914473403
62747321297.115746 92675.93301146846
68813769864.15671 96601.74799522606
75466726308.43903 101159.11122238256
82762894562.46301 105444.27935261642
90764460728.8532 110418.80508541557
99539623099.84203 115096.22008850264
109163173419.36125 120526.09368708364
119717134341.89656 125631.66024741138
131291458521.24654 130953.50204826596
143984795287.60095 137131.47177539373
157905331447.4179 143600.89846512518
173171713372.33456 149683.92930772464
189914058236.19278 156024.64143663584
208275063019.051 163385.38778098504
228411220730.38208 170306.50292528322
250494154217.45026 177520.80117176214
274712078927.08145 185895.6679635673
301271407088.11707 194665.63433422474
330398506987.18414 202911.80180466615
362341632332.3135 211507.28248687775
397373038148.55963 221485.5233726341
435791301239.7021 230867.79941871486
477923864993.5595 240647.5150015402
524129830220.60614 252000.4993764069
574803015812.5363 262675.41037238116
630375315307.1243 275067.60079080396
691320377967.8099 286719.649749374
758157645752.2087 300246.17090855184
831456780577.2047 312964.80106707185
911842519614.6562 326222.20097116334
1000000000000.0 341612.32685854903
