E(GeV) dN/dE (GeV^-1)
1.2589254117941663e-06 0.0
1.4125375446227554e-06 0.0
1.584893192461111e-06 0.0
1.778279410038923e-06 0.0
1.995262314968883e-06 0.0
2.2387211385683376e-06 0.0
2.511886431509582e-06 0.0
2.818382931264449e-06 0.0
3.1622776601683796e-06 0.0
3.54813389233576e-06 0.0
3.981071705534969e-06 0.0
4.4668359215096355e-06 0.0
5.011872336272715e-06 0.0
5.623413251903491e-06 0.0
6.309573444801943e-06 0.0
7.079457843841373e-06 0.0
7.943282347242822e-06 0.0
8.91250938133744e-06 0.0
1e-05 0.0
1.122018454301963e-05 0.0
1.2589254117941661e-05 0.0
1.4125375446227553e-05 0.0
1.584893192461114e-05 0.0
1.778279410038923e-05 0.0
1.9952623149688786e-05 0.0
2.238721138568338e-05 0.0
2.5118864315095822e-05 0.0
2.8183829312644552e-05 0.0
3.162277660168379e-05 0.0
3.5481338923357534e-05 0.0
3.981071705534969e-05 0.0
4.466835921509635e-05 0.00972264237
5.011872336272725e-05 0.0173306282668
5.623413251903491e-05 0.0308918774025
6.309573444801929e-05 0.0412986220735
7.079457843841373e-05 0.0490765808889
7.943282347242822e-05 0.0656093231364
8.912509381337459e-05 0.0779658277275
9.999999999999999e-05 0.0955447860187
0.0001122018454301963 0.108378302038
0.0001258925411794166 0.127639776589
0.00014125375446227554 0.150653904346
0.00015848931924611142 0.180854053396
0.00017782794100389227 0.236895082442
0.00019952623149688788 0.278608447955
0.00022387211385683378 0.33172669488
0.0002511886431509582 0.392473346547
0.0002818382931264455 0.471526100972
0.00031622776601683794 0.578184449722
0.0003548133892335753 0.684220558611
0.0003981071705534969 0.783265062955
0.0004466835921509635 0.929484610572
0.0005011872336272725 1.11349286614
0.000562341325190349 1.31985546202
0.000630957344480193 1.54525677592
0.0007079457843841374 1.81828732193
0.0007943282347242822 2.12956928014
0.0008912509381337459 2.48808447735
0.001 2.89761278326
0.001122018454301963 3.36011442855
0.0012589254117941662 3.88093915306
0.0014125375446227555 4.48856397866
0.001584893192461114 5.1378992442
0.001778279410038923 5.85765830141
0.001995262314968879 6.70336279036
0.0022387211385683377 7.6869416869
0.0025118864315095825 8.78587029874
0.0028183829312644552 9.97385569003
0.0031622776601683794 11.2527603497
0.003548133892335753 12.6869669268
0.003981071705534969 14.2574968528
0.004466835921509635 15.970412357
0.005011872336272725 17.8481208269
0.005623413251903491 19.9066485685
0.006309573444801929 22.0971718956
0.0070794578438413735 24.4063357876
0.007943282347242822 26.8691501274
0.008912509381337459 29.4707905091
0.01 32.1707111826
0.01122018454301963 34.9499122544
0.012589254117941661 37.838673781
0.014125375446227556 40.7508357719
0.01584893192461114 43.6535923342
0.01778279410038923 46.5379168349
0.019952623149688785 49.3818455263
0.022387211385683378 52.0978520239
0.025118864315095822 54.6091909675
0.02818382931264455 56.9642207441
0.0316227766016838 59.1231779241
0.03548133892335753 61.0398545972
0.03981071705534969 62.678692138
0.04466835921509635 64.0345282565
0.05011872336272725 64.9937727225
0.056234132519034905 65.605504803
0.06309573444801929 65.8657819581
0.07079457843841373 65.7690719615
0.07943282347242822 65.3145076429
0.08912509381337459 64.5120932235
0.1 63.3187934915
0.1122018454301963 61.7975555441
0.12589254117941676 59.9976806875
0.1412537544622754 57.959348711
0.15848931924611143 55.7097126438
0.17782794100389226 53.260723304
0.19952623149688786 50.5951243716
0.223872113856834 47.814635738
0.25118864315095796 44.9644299224
0.2818382931264455 42.0821697405
0.31622776601683794 39.1971426855
0.3548133892335753 36.3302927861
0.39810717055349737 33.4805014813
0.44668359215096304 30.7180264561
0.5011872336272726 28.0633849683
0.5623413251903491 25.5321915062
0.630957344480193 23.136265188
0.707945784384138 20.8844163058
0.7943282347242813 18.7654550392
0.8912509381337459 16.8055843572
1.0 15.0029135102
1.1220184543019631 13.3517628471
1.2589254117941675 11.8455780739
1.412537544622754 10.4784826617
1.584893192461114 9.23764662406
1.7782794100389228 8.11921017588
1.9952623149688788 7.11732270494
2.23872113856834 6.22321219516
2.5118864315095792 5.4274689565
2.8183829312644546 4.72129269147
3.1622776601683795 4.09408000363
3.5481338923357533 3.54076403349
3.9810717055349736 3.05435858556
4.46683592150963 2.62811783362
5.011872336272725 2.25579729521
5.623413251903491 1.93174887225
6.309573444801931 1.64932063083
7.07945784384138 1.40456125492
7.943282347242814 1.19318744354
8.91250938133746 1.01112853805
10.0 0.854689368913
11.220184543019636 0.720605085274
12.589254117941675 0.605787348975
14.12537544622754 0.508017017767
15.848931924611135 0.424908514826
17.78279410038923 0.354437953092
19.952623149688797 0.294856631444
22.3872113856834 0.244636274162
25.118864315095795 0.202242864062
28.183829312644537 0.166734942314
31.622776601683793 0.137050713255
35.48133892335755 0.112295257286
39.810717055349734 0.09171348803
44.6683592150963 0.0746660335126
50.11872336272722 0.0605209975263
56.23413251903491 0.0488344281287
63.09573444801933 0.0392326172057
70.79457843841381 0.0313740140321
79.43282347242814 0.0249632266275
89.12509381337455 0.0197523988116
100.0 0.0155000656039
112.20184543019636 0.0120776199193
125.89254117941672 0.009337967368
141.25375446227545 0.00715526414294
158.48931924611134 0.00542684921727
177.8279410038923 0.00407011394918
199.526231496888 0.0030050750729
223.87211385683395 0.00218260063877
251.188643150958 0.0015580413827
281.83829312644536 0.00109030548866
316.22776601683796 0.000745353917118
354.8133892335755 0.000495952192275
398.1071705534972 0.000317317258659
446.68359215096314 0.000195284133323
501.18723362727224 0.000114947125042
562.341325190349 6.47068987042e-05
630.9573444801932 3.39419608615e-05
707.9457843841379 1.6784190664e-05
794.3282347242815 7.92068553564e-06
891.2509381337455 3.82324927719e-06
1000.0 2.35691615329e-06
