E(GeV) dN/dE (GeV^-1)
1.2589254117941663e-08 0.0
1.4125375446227554e-08 0.0
1.584893192461111e-08 0.0
1.7782794100389228e-08 0.0
1.995262314968883e-08 0.0
2.2387211385683378e-08 0.0
2.511886431509582e-08 0.0
2.8183829312644494e-08 0.0
3.162277660168379e-08 0.0
3.5481338923357604e-08 0.0
3.981071705534969e-08 0.0
4.466835921509635e-08 0.0
5.0118723362727144e-08 0.0
5.623413251903491e-08 0.0
6.309573444801943e-08 0.0
7.079457843841374e-08 0.0
7.943282347242822e-08 0.0
8.912509381337442e-08 0.0
1e-07 0.0
1.122018454301963e-07 0.0
1.2589254117941662e-07 0.0
1.4125375446227555e-07 0.0
1.5848931924611143e-07 0.0
1.7782794100389227e-07 0.0
1.9952623149688787e-07 0.0
2.2387211385683377e-07 0.0
2.5118864315095823e-07 0.0
2.818382931264455e-07 0.0
3.162277660168379e-07 0.0
3.548133892335753e-07 0.0
3.9810717055349687e-07 0.0
4.466835921509635e-07 0.0
5.011872336272725e-07 0.0
5.62341325190349e-07 0.0
6.30957344480193e-07 0.0
7.079457843841373e-07 0.0
7.943282347242822e-07 0.0
8.912509381337459e-07 0.0
1e-06 0.0
1.122018454301963e-06 0.0
1.2589254117941661e-06 0.0
1.4125375446227554e-06 0.0
1.584893192461114e-06 0.0
1.7782794100389227e-06 0.0
1.9952623149688787e-06 0.0
2.2387211385683376e-06 0.0
2.5118864315095823e-06 0.0
2.8183829312644547e-06 0.0
3.162277660168379e-06 0.0
3.5481338923357534e-06 0.0
3.981071705534969e-06 0.0
4.466835921509635e-06 0.0
5.011872336272725e-06 0.0
5.62341325190349e-06 0.0
6.30957344480193e-06 0.0
7.079457843841374e-06 0.0
7.943282347242822e-06 0.0
8.91250938133746e-06 0.0
9.999999999999999e-06 0.0
1.122018454301963e-05 0.0
1.2589254117941661e-05 0.0
1.4125375446227555e-05 0.0
1.584893192461114e-05 0.0
1.778279410038923e-05 0.0
1.9952623149688786e-05 0.0
2.2387211385683376e-05 0.0
2.5118864315095822e-05 0.0
2.8183829312644552e-05 0.0
3.162277660168379e-05 0.0
3.548133892335753e-05 0.0
3.9810717055349695e-05 0.0
4.466835921509635e-05 0.0
5.011872336272725e-05 0.0
5.6234132519034914e-05 0.0
6.309573444801929e-05 0.0
7.079457843841373e-05 0.0
7.943282347242822e-05 0.0
8.912509381337459e-05 0.0
0.0001 0.0
0.0001122018454301963 0.0
0.0001258925411794166 0.0
0.00014125375446227554 0.0
0.00015848931924611142 0.0
0.0001778279410038923 0.0
0.00019952623149688785 0.00217662849965
0.0002238721138568338 0.00387984438456
0.0002511886431509582 0.00518687242133
0.0002818382931264455 0.00462280491149
0.00031622776601683794 0.00549343895223
0.0003548133892335753 0.00489603261975
0.00039810717055349697 0.00436359366549
0.0004466835921509635 0.004861321185
0.0005011872336272725 0.00606571989338
0.0005623413251903491 0.0100398601558
0.000630957344480193 0.0158311384615
0.0007079457843841373 0.0239248331833
0.0007943282347242822 0.0355383833655
0.0008912509381337459 0.0501905015996
0.001 0.0668813502131
0.001122018454301963 0.0971534064701
0.0012589254117941675 0.141783643725
0.0014125375446227542 0.20107684376
0.0015848931924611143 0.274021293024
0.0017782794100389228 0.354365736725
0.001995262314968879 0.465363173224
0.00223872113856834 0.608941576156
0.0025118864315095794 0.792381210231
0.002818382931264455 1.02518403587
0.0031622776601683794 1.31471727724
0.0035481338923357532 1.65253340998
0.003981071705534973 2.04096184719
0.0044668359215096305 2.50883063716
0.0050118723362727255 3.06760785637
0.005623413251903491 3.72525149597
0.00630957344480193 4.48358490541
0.00707945784384138 5.33585125714
0.007943282347242814 6.28690404067
0.008912509381337459 7.35315212755
0.01 8.5229857779
0.01122018454301963 9.7854381845
0.012589254117941675 11.1289466181
0.01412537544622754 12.5361266005
0.01584893192461114 13.9690574758
0.01778279410038923 15.4346182415
0.01995262314968879 16.9076801584
0.0223872113856834 18.3598504106
0.025118864315095794 19.766790427
0.02818382931264455 21.1184367239
0.03162277660168379 22.3250612299
0.03548133892335753 23.3994985389
0.039810717055349734 24.3427436223
0.04466835921509631 25.1298706677
0.05011872336272725 25.7315030088
0.05623413251903491 26.1410696375
0.0630957344480193 26.2807085455
0.0707945784384138 26.2091394482
0.07943282347242814 25.9271861402
0.08912509381337459 25.4397233182
0.1 24.7588157213
0.11220184543019636 23.9060936049
0.12589254117941676 22.8532603497
0.1412537544622754 21.6747370959
0.15848931924611134 20.4013839844
0.1778279410038923 19.046012949
0.19952623149688797 17.6286752891
0.22387211385683398 16.1927982482
0.25118864315095796 14.7146210825
0.28183829312644537 13.2526509565
0.3162277660168379 11.8281623726
0.3548133892335755 10.4580786768
0.3981071705534973 9.15880019852
0.446683592150963 7.94748038156
0.5011872336272722 6.81634926406
0.5623413251903491 5.79157673895
0.6309573444801932 4.87402689667
0.707945784384138 4.06470155874
0.7943282347242814 3.36100925539
0.8912509381337455 2.75597652329
1.0 2.23580271394
1.1220184543019636 1.79965383177
1.2589254117941673 1.43592954807
1.4125375446227544 1.13522144305
1.5848931924611134 0.88877025254
1.778279410038923 0.688147977225
1.9952623149688797 0.524383325644
2.2387211385683394 0.393707208923
2.51188643150958 0.290966253262
2.8183829312644537 0.211253092939
3.1622776601683795 0.150244181984
3.5481338923357546 0.104280965971
3.981071705534972 0.0698600436861
4.466835921509632 0.045226912739
5.011872336272722 0.0280104546299
5.623413251903491 0.0165636840554
6.3095734448019325 0.00903992421671
7.079457843841379 0.00451578159049
7.943282347242815 0.00200048293686
8.912509381337456 0.000827704718612
10.0 0.000440070598513
