E(GeV) dN/dE (GeV^-1)
1.2589254117941662e-07 0.0
1.4125375446227555e-07 0.0
1.584893192461111e-07 0.0
1.7782794100389227e-07 0.0
1.9952623149688827e-07 0.0
2.2387211385683377e-07 0.0
2.511886431509582e-07 0.0
2.818382931264449e-07 0.0
3.1622776601683797e-07 0.0
3.5481338923357606e-07 0.0
3.9810717055349687e-07 0.0
4.466835921509635e-07 0.0
5.011872336272714e-07 0.0
5.623413251903491e-07 0.0
6.309573444801942e-07 0.0
7.079457843841374e-07 0.0
7.943282347242822e-07 0.0
8.912509381337441e-07 0.0
1e-06 0.0
1.122018454301963e-06 0.0
1.2589254117941661e-06 0.0
1.4125375446227554e-06 0.0
1.5848931924611143e-06 0.0
1.778279410038923e-06 0.0
1.9952623149688787e-06 0.0
2.238721138568338e-06 0.0
2.5118864315095823e-06 0.0
2.818382931264455e-06 0.0
3.162277660168379e-06 0.0
3.5481338923357534e-06 0.0
3.981071705534969e-06 0.0
4.466835921509635e-06 0.0
5.011872336272725e-06 0.0
5.62341325190349e-06 0.0
6.30957344480193e-06 0.0
7.079457843841373e-06 0.0
7.943282347242822e-06 0.0
8.91250938133746e-06 0.0
9.999999999999999e-06 0.0
1.122018454301963e-05 0.0
1.2589254117941661e-05 0.0
1.4125375446227555e-05 0.0
1.584893192461114e-05 0.0
1.7782794100389226e-05 0.0
1.9952623149688786e-05 0.0
2.2387211385683376e-05 0.0
2.5118864315095822e-05 0.0
2.818382931264455e-05 0.0
3.162277660168379e-05 0.0
3.5481338923357534e-05 0.0
3.9810717055349695e-05 0.0
4.466835921509635e-05 0.0
5.011872336272725e-05 0.0
5.623413251903491e-05 0.0
6.309573444801929e-05 0.0
7.079457843841373e-05 0.0
7.943282347242822e-05 0.0109348871894
8.912509381337459e-05 0.00974572846594
9.999999999999999e-05 0.00868588963807
0.0001122018454301963 0.00774130728845
0.0001258925411794166 0.00689944738321
0.00014125375446227554 0.0122982779058
0.00015848931924611142 0.0219217034419
0.0001778279410038923 0.0341910428267
0.00019952623149688788 0.0435325699929
0.00022387211385683375 0.0562577435761
0.0002511886431509582 0.069158298951
0.0002818382931264455 0.0847514233772
0.00031622776601683794 0.10574869983
0.00035481338923357527 0.132192880733
0.0003981071705534969 0.175634645036
0.0004466835921509635 0.231398888406
0.0005011872336272725 0.289421492056
0.0005623413251903491 0.351395105453
0.000630957344480193 0.412986220735
0.0007079457843841374 0.494446552455
0.0007943282347242822 0.600872051058
0.0008912509381337459 0.734827926332
0.001 0.893343749275
0.001122018454301963 1.06055909852
0.0012589254117941662 1.2864019646
0.0014125375446227555 1.55296504255
0.001584893192461114 1.85375404731
0.001778279410038923 2.19970516243
0.0019952623149688785 2.60955990823
0.0022387211385683377 3.07865651915
0.002511886431509582 3.62354907354
0.002818382931264455 4.2408071323
0.0031622776601683794 4.94340837714
0.0035481338923357532 5.74341346542
0.003981071705534969 6.65240763288
0.004466835921509635 7.6829292272
0.0050118723362727255 8.82830869225
0.005623413251903491 10.1201790371
0.006309573444801929 11.5355311176
0.0070794578438413735 13.0735717287
0.007943282347242822 14.7456407005
0.008912509381337459 16.5470774477
0.01 18.4693282908
0.01122018454301963 20.4722741897
0.012589254117941675 22.5787865339
0.01412537544622754 24.7649192361
0.01584893192461114 26.979040426
0.017782794100389226 29.1815177648
0.01995262314968879 31.311149228
0.0223872113856834 33.3986316249
0.025118864315095794 35.3966524378
0.02818382931264455 37.2789305896
0.03162277660168379 39.0240718913
0.03548133892335753 40.5920394839
0.039810717055349734 41.8927900754
0.04466835921509631 42.9438418576
0.050118723362727255 43.7295684314
0.05623413251903491 44.2394389933
0.0630957344480193 44.4682431359
0.0707945784384138 44.4160540576
0.07943282347242814 43.9964803344
0.08912509381337459 43.295359727
0.1 42.3447977218
0.1122018454301963 41.1564860196
0.12589254117941676 39.7431316919
0.1412537544622754 38.136987457
0.1584893192461114 36.3009844944
0.17782794100389226 34.3319929585
0.1995262314968879 32.2715321377
0.22387211385683398 30.1429727251
0.25118864315095796 27.9725609142
0.2818382931264455 25.8031456159
0.31622776601683794 23.6135088821
0.3548133892335753 21.4826246557
0.3981071705534973 19.4278840783
0.44668359215096304 17.4659900414
0.5011872336272725 15.6115746535
0.5623413251903491 13.8762606267
0.630957344480193 12.2537010775
0.707945784384138 10.7689545073
0.7943282347242814 9.41982193744
0.8912509381337459 8.20307905621
1.0 7.11387433621
1.1220184543019636 6.14561909872
1.2589254117941675 5.28476695234
1.412537544622754 4.52799410237
1.5848931924611134 3.8665527933
1.778279410038923 3.29027878306
1.99526231496888 2.78977081757
2.23872113856834 2.35722409285
2.5118864315095792 1.98226824353
2.8183829312644537 1.66168402162
3.162277660168379 1.38800936638
3.548133892335755 1.1549447188
3.9810717055349736 0.957167470396
4.46683592150963 0.790141061295
5.011872336272722 0.649051092283
5.623413251903491 0.530745159305
6.309573444801933 0.431880615658
7.07945784384138 0.349631132186
7.943282347242814 0.281546609328
8.912509381337456 0.225477125059
10.0 0.179007803557
11.220184543019636 0.141157900088
12.589254117941673 0.110424689446
14.125375446227546 0.0856231011814
15.848931924611135 0.0657436270564
17.78279410038923 0.049903585402
19.952623149688797 0.0372780279992
22.387211385683393 0.027449743827
25.118864315095802 0.0198715306708
28.183829312644537 0.0141106034838
31.622776601683793 0.00980045989394
35.48133892335755 0.00662877528413
39.81071705534972 0.00431548504533
44.66835921509632 0.0027009306051
50.11872336272722 0.00161336884256
56.23413251903491 0.000918376900329
63.09573444801933 0.00048199621822
70.7945784384138 0.000233383680417
79.43282347242815 0.000104056386494
89.12509381337456 4.58975082103e-05
100.0 2.64659057272e-05
