E(GeV) dN/dE (GeV^-1)
1.3848179529735828e-06 0.0
1.553791299085031e-06 0.0
1.743382511707222e-06 0.0
1.9561073510428153e-06 0.0
2.194788546465771e-06 0.0
2.4625932524251716e-06 0.0
2.7630750746605403e-06 0.0
3.100221224390894e-06 0.0
3.4785054261852175e-06 0.0
3.902947281569336e-06 0.0
4.379178876088466e-06 0.0
4.913519513660599e-06 0.0
5.513059569899986e-06 0.0
6.18575457709384e-06 0.0
6.940530789282137e-06 0.0
7.787403628225512e-06 0.0
8.737610581967103e-06 0.0
9.803760319471186e-06 0.0
1.1e-05 0.0
1.2342202997321594e-05 0.0
1.3848179529735826e-05 0.0
1.553791299085031e-05 0.0
1.7433825117072256e-05 0.0
1.956107351042815e-05 0.0
2.1947885464657666e-05 0.0
2.4625932524251715e-05 0.0
2.7630750746605404e-05 0.0
3.1002212243909004e-05 0.0
3.478505426185217e-05 0.0
3.9029472815693284e-05 0.0111273468631
4.379178876088466e-05 0.029751774992
4.913519513660598e-05 0.0265162973727
5.513059569899998e-05 0.0236326749093
6.18575457709384e-05 0.0351044061392
6.940530789282123e-05 0.0563163028275
7.787403628225511e-05 0.0724994944949
8.737610581967104e-05 0.0745560490186
9.803760319471204e-05 0.0797377783577
0.00010999999999999999 0.102651422995
0.00012342202997321592 0.123157161407
0.00013848179529735827 0.159941734793
0.0001553791299085031 0.20683467387
0.00017433825117072255 0.259074677041
0.0001956107351042815 0.308607464475
0.00021947885464657666 0.350239313125
0.00024625932524251714 0.421492185413
0.00027630750746605404 0.495110549308
0.00031002212243909003 0.577150188949
0.0003478505426185217 0.684182851323
0.0003902947281569328 0.834551014731
0.0004379178876088466 0.998667913897
0.0004913519513660598 1.16848483756
0.0005513059569899997 1.3722706564
0.000618575457709384 1.61339850616
0.0006940530789282123 1.87282993736
0.0007787403628225511 2.1387350876
0.0008737610581967104 2.50707140833
0.0009803760319471205 2.91928866321
0.0010999999999999998 3.37328368489
0.0012342202997321593 3.88684001401
0.0013848179529735826 4.48746330029
0.001553791299085031 5.17813401097
0.0017433825117072256 5.94676027916
0.0019561073510428154 6.80046520637
0.0021947885464657668 7.74325694983
0.0024625932524251714 8.80354326512
0.0027630750746605406 10.0064199684
0.0031002212243909006 11.3110230234
0.003478505426185217 12.7723704148
0.003902947281569328 14.3716361145
0.004379178876088466 16.1118754017
0.004913519513660598 18.0070407705
0.005513059569899998 20.0642197736
0.0061857545770938405 22.2516299194
0.006940530789282123 24.5870095041
0.007787403628225511 27.0345595776
0.008737610581967105 29.6427892334
0.009803760319471205 32.3987883097
0.011000000000000001 35.2489983666
0.012342202997321593 38.1429340839
0.013848179529735827 41.0477604284
0.01553791299085031 43.9387282892
0.017433825117072255 46.8215450295
0.019561073510428153 49.6720587574
0.021947885464657663 52.4417281048
0.024625932524251718 55.06837728
0.027630750746605405 57.4850696711
0.031002212243909005 59.6787023703
0.034785054261852175 61.6392690995
0.039029472815693286 63.3515798245
0.043791788760884666 64.782685104
0.04913519513660598 65.868665849
0.055130595698999973 66.5023078069
0.061857545770938396 66.8028423771
0.06940530789282122 66.7526460891
0.0778740362822551 66.3423633873
0.08737610581967105 65.5807383472
0.09803760319471205 64.5030562753
0.11 63.0221107436
0.12342202997321593 61.2453702065
0.1384817952973584 59.2170850509
0.15537912990850294 56.9656568004
0.17433825117072257 54.5175177416
0.1956107351042815 51.90851041
0.21947885464657665 49.120404741
0.2462593252425174 46.2490589203
0.27630750746605376 43.3338733912
0.31002212243909005 40.408519084
0.3478505426185217 37.5025628442
0.39029472815693284 34.6426755191
0.4379178876088471 31.8236826521
0.49135195136605936 29.1112131693
0.5513059569899997 26.5219206661
0.618575457709384 24.0673210764
0.6940530789282123 21.7554239207
0.7787403628225518 19.5918295107
0.8737610581967095 17.5666596786
0.9803760319471205 15.7019447087
1.1 13.9931099448
1.2342202997321594 12.4333382674
1.3848179529735842 11.0146447277
1.5537912990850293 9.72859745838
1.7433825117072255 8.56520811119
1.956107351042815 7.52044397877
2.194788546465767 6.58480045086
2.4625932524251737 5.75020608136
2.7630750746605375 5.00880300447
3.1002212243909004 4.3524106083
3.4785054261852175 3.76995962688
3.9029472815693285 3.25716982303
4.379178876088471 2.80723993587
4.913519513660593 2.41365701681
5.513059569899997 2.07025493514
6.1857545770938405 1.77127011165
6.940530789282123 1.51103410957
7.787403628225518 1.28568841242
8.737610581967095 1.09131451544
9.803760319471206 0.924112521212
11.0 0.780631855125
12.3422029973216 0.657852457907
13.848179529735843 0.552691961693
15.537912990850295 0.463082458785
17.43382511707225 0.38705686999
19.56107351042815 0.3226860926
21.947885464657677 0.268278841872
24.625932524251738 0.22243654
27.630750746605372 0.183864457922
31.00221224390899 0.151494696213
34.78505426185217 0.124441037277
39.0294728156933 0.101910451632
43.79178876088471 0.0832035263421
49.13519513660593 0.0677113629024
55.13059569899994 0.0548550463862
61.8575457709384 0.0442485001427
69.40530789282127 0.0355331341963
77.87403628225518 0.0284008738971
87.37610581967095 0.0225846873624
98.037603194712 0.0178541524002
110.0 0.0140093963827
123.422029973216 0.0109118159889
138.4817952973584 0.00843547762636
155.379129908503 0.00646359194363
174.3382511707225 0.00490085338802
195.61073510428153 0.00367311042791
219.47885464657676 0.00270875282646
246.25932524251735 0.00196766484319
276.30750746605383 0.00140394176074
310.0221224390899 0.000981960809948
347.85054261852173 0.00067161660972
390.294728156933 0.000447313780222
437.9178876088469 0.000286159513954
491.35195136605944 0.000176005459318
551.3059569899995 0.000103492997719
618.575457709384 5.8261378693e-05
694.0530789282126 3.05666119647e-05
778.7403628225517 1.50748756592e-05
873.7610581967097 7.15787774612e-06
980.3760319471202 3.51865096386e-06
1100.0 2.19397675994e-06
