E(GeV) dN/dE (GeV^-1)
1.3848179529735828e-07 0.0
1.553791299085031e-07 0.0
1.743382511707222e-07 0.0
1.9561073510428152e-07 0.0
2.194788546465771e-07 0.0
2.4625932524251715e-07 0.0
2.76307507466054e-07 0.0
3.1002212243908943e-07 0.0
3.4785054261852176e-07 0.0
3.9029472815693364e-07 0.0
4.379178876088466e-07 0.0
4.913519513660598e-07 0.0
5.513059569899986e-07 0.0
6.18575457709384e-07 0.0
6.940530789282137e-07 0.0
7.787403628225511e-07 0.0
8.737610581967105e-07 0.0
9.803760319471185e-07 0.0
1.1e-06 0.0
1.2342202997321594e-06 0.0
1.3848179529735828e-06 0.0
1.553791299085031e-06 0.0
1.7433825117072258e-06 0.0
1.9561073510428153e-06 0.0
2.1947885464657664e-06 0.0
2.4625932524251716e-06 0.0
2.7630750746605403e-06 0.0
3.1002212243909005e-06 0.0
3.478505426185217e-06 0.0
3.902947281569328e-06 0.0
4.379178876088466e-06 0.0
4.913519513660598e-06 0.0
5.513059569899997e-06 0.0
6.185754577093839e-06 0.0
6.940530789282123e-06 0.0
7.78740362822551e-06 0.0
8.737610581967103e-06 0.0
9.803760319471205e-06 0.0
1.1e-05 0.0
1.2342202997321594e-05 0.0
1.3848179529735828e-05 0.0
1.553791299085031e-05 0.0
1.7433825117072256e-05 0.0
1.956107351042815e-05 0.0
2.1947885464657666e-05 0.0
2.4625932524251715e-05 0.0
2.7630750746605404e-05 0.0
3.1002212243909004e-05 0.0
3.478505426185217e-05 0.0
3.9029472815693284e-05 0.0
4.379178876088466e-05 0.0
4.913519513660598e-05 0.0
5.513059569899998e-05 0.0078775583031
6.18575457709384e-05 0.00702088122784
6.940530789282123e-05 0.0125147339617
7.787403628225511e-05 0.0167306525757
8.737610581967104e-05 0.0149112098037
9.803760319471206e-05 0.0132896297263
0.00010999999999999999 0.0197406582683
0.00012342202997321592 0.0246314322814
0.00013848179529735827 0.0282250120222
0.0001553791299085031 0.0335407579249
0.00017433825117072255 0.034875437294
0.00019561073510428152 0.044403951723
0.00021947885464657666 0.0593625954449
0.00024625932524251714 0.0775968876912
0.00027630750746605404 0.0958785508184
0.0003100221224390901 0.124675647613
0.0003478505426185217 0.158560624303
0.0003902947281569328 0.191390366045
0.0004379178876088466 0.232063844937
0.0004913519513660598 0.282840505309
0.0005513059569899997 0.342673786185
0.0006185754577093841 0.410721551828
0.0006940530789282123 0.523115879598
0.0007787403628225511 0.631303290525
0.0008737610581967104 0.764448022604
0.0009803760319471205 0.926730179579
0.0011 1.10784574202
0.0012342202997321593 1.32305979112
0.0013848179529735826 1.58279595196
0.001553791299085031 1.88079800064
0.0017433825117072256 2.23053332522
0.0019561073510428154 2.64336724607
0.0021947885464657663 3.12603427613
0.002462593252425172 3.67086185748
0.0027630750746605406 4.30777613489
0.0031002212243909 5.02162689885
0.0034785054261852176 5.81580393802
0.0039029472815693285 6.70545049316
0.004379178876088467 7.72018892008
0.004913519513660598 8.908503653
0.005513059569899998 10.2343661962
0.00618575457709384 11.6678620949
0.006940530789282123 13.2138695744
0.007787403628225511 14.8778443407
0.008737610581967105 16.6752556275
0.009803760319471205 18.6480527307
0.011000000000000001 20.6859199489
0.012342202997321593 22.8070172801
0.013848179529735842 24.9916800895
0.015537912990850295 27.2081510261
0.017433825117072255 29.4283174761
0.01956107351042815 31.6525133106
0.021947885464657667 33.7737352649
0.02462593252425174 35.82643014
0.027630750746605374 37.7470239479
0.031002212243909005 39.5098247965
0.034785054261852175 41.1066920295
0.039029472815693286 42.5170582512
0.04379178876088471 43.5970808368
0.049135195136605934 44.4237075753
0.05513059569899998 44.9862619157
0.0618575457709384 45.2649692851
0.06940530789282123 45.2492920626
0.07787403628225519 44.9568138448
0.08737610581967094 44.2958760546
0.09803760319471205 43.3593572679
0.11 42.1811516129
0.12342202997321594 40.7782369486
0.13848179529735843 39.1691569422
0.15537912990850294 37.389481635
0.17433825117072255 35.4130745442
0.1956107351042815 33.3308183911
0.21947885464657668 31.1755828688
0.2462593252425174 28.979114995
0.27630750746605376 26.7720734383
0.31002212243909005 24.5838201637
0.3478505426185217 22.4012477371
0.39029472815693284 20.2936991338
0.4379178876088471 18.2757120796
0.49135195136605936 16.3650853464
0.5513059569899997 14.5756090137
0.618575457709384 12.9133221932
0.6940530789282123 11.3707001823
0.7787403628225519 9.96459096387
0.8737610581967095 8.69586764114
0.9803760319471205 7.5585313943
1.1 6.54408546386
1.2342202997321599 5.64396440549
1.3848179529735842 4.84597018994
1.5537912990850293 4.14609467234
1.7433825117072248 3.53546532045
1.9561073510428153 3.00488756951
2.1947885464657677 2.54539388943
2.4625932524251737 2.14857422716
2.7630750746605375 1.80561378976
3.100221224390899 1.51205098498
3.478505426185217 1.26186427683
3.9029472815693307 1.04931092338
4.379178876088471 0.869201874949
4.913519513660593 0.716994317047
5.513059569899994 0.588379871296
6.1857545770938405 0.480638716701
6.940530789282127 0.390711433478
7.787403628225518 0.31596813344
8.737610581967095 0.25419367991
9.8037603194712 0.203521952401
11.0 0.161532516113
12.3422029973216 0.127297282921
13.848179529735841 0.0995426865939
15.5379129908503 0.0771434357703
17.43382511707225 0.0591796811457
19.56107351042815 0.0449159070844
21.947885464657677 0.0335522732088
24.625932524251734 0.024677697301
27.630750746605383 0.0178459846884
31.002212243908993 0.0126570017032
34.785054261852174 0.00877789119123
39.0294728156933 0.00593681788124
43.79178876088469 0.00385636557091
49.135195136605944 0.00241009278451
55.13059569899995 0.00143864696266
61.8575457709384 0.000819666820706
69.40530789282126 0.000430175207831
77.87403628225518 0.000208252009495
87.37610581967097 9.28173106249e-05
98.037603194712 4.11003948668e-05
110.0 2.36966861853e-05
