E(GeV) dN/dE (GeV^-1)
1.5107104941529995e-07 0.0
1.6950450535473066e-07 0.0
1.901871830953333e-07 0.0
2.1339352920467074e-07 0.0
2.3943147779626595e-07 0.0
2.6864653662820055e-07 0.0
3.0142637178114986e-07 0.0
3.3820595175173394e-07 0.0
3.7947331922020556e-07 0.0
4.257760670802912e-07 0.0
4.777286046641963e-07 0.0
5.360203105811562e-07 0.0
6.014246803527257e-07 0.0
6.748095902284189e-07 0.0
7.571488133762331e-07 0.0
8.495349412609648e-07 0.0
9.531938816691386e-07 0.0
1.069501125760493e-06 0.0
1.2e-06 0.0
1.3464221451623556e-06 0.0
1.5107104941529993e-06 0.0
1.6950450535473065e-06 0.0
1.9018718309533371e-06 0.0
2.1339352920467072e-06 0.0
2.3943147779626544e-06 0.0
2.686465366282005e-06 0.0
3.0142637178114983e-06 0.0
3.382059517517346e-06 0.0
3.794733192202055e-06 0.0
4.257760670802903e-06 0.0
4.7772860466419624e-06 0.0
5.360203105811561e-06 0.0
6.01424680352727e-06 0.0
6.7480959022841884e-06 0.0
7.5714881337623156e-06 0.0
8.495349412609648e-06 0.0
9.531938816691387e-06 0.0
1.069501125760495e-05 0.0
1.2e-05 0.0
1.3464221451623556e-05 0.0
1.5107104941529993e-05 0.0
1.6950450535473067e-05 0.0
1.9018718309533368e-05 0.0
2.133935292046707e-05 0.0
2.3943147779626546e-05 0.0
2.6864653662820054e-05 0.0
3.014263717811499e-05 0.0
3.382059517517346e-05 0.0
3.794733192202055e-05 0.0
4.257760670802904e-05 0.0204001359156
4.777286046641963e-05 0.0
5.360203105811562e-05 0.0
6.0142468035272696e-05 0.0144421902223
6.748095902284188e-05 0.0193074233766
7.571488133762316e-05 0.0172077591973
8.495349412609648e-05 0.0204485753704
9.531938816691387e-05 0.0182248119823
0.00010695011257604951 0.0203036009707
0.00011999999999999999 0.0217147240952
0.00013464221451623556 0.0258043576282
0.00015107104941529994 0.0287476974301
0.00016950450535473065 0.0384321184556
0.00019018718309533368 0.0479537262792
0.00021339352920467073 0.0630906147397
0.00023943147779626543 0.0798097116537
0.0002686465366282005 0.0986127114408
0.00030142637178114985 0.119586225269
0.0003382059517517346 0.152809384574
0.0003794733192202055 0.19799269557
0.0004257760670802904 0.231541542643
0.0004777286046641963 0.278179096175
0.0005360203105811562 0.35001512532
0.000601424680352727 0.441931020804
0.0006748095902284189 0.545112919998
0.0007571488133762315 0.652174073578
0.0008495349412609648 0.775512220921
0.0009531938816691386 0.912151839716
0.0010695011257604952 1.08218193174
0.0012000000000000001 1.31156933535
0.0013464221451623556 1.58600033072
0.0015107104941529993 1.8915984909
0.0016950450535473066 2.26083342168
0.001901871830953337 2.68107000116
0.0021339352920467076 3.1463900125
0.002394314777962654 3.66888872186
0.0026864653662820055 4.28868298658
0.0030142637178114987 4.99913645563
0.003382059517517346 5.79930876146
0.0037947331922020553 6.71458465265
0.004257760670802904 7.74552360445
0.004777286046641963 8.89091300164
0.005360203105811562 10.2034270352
0.00601424680352727 11.6225692143
0.006748095902284189 13.1740341925
0.007571488133762315 14.8531067879
0.008495349412609647 16.6608346331
0.009531938816691387 18.5966437088
0.01069501125760495 20.6423056421
0.012 22.7602156779
0.013464221451623556 24.9445886874
0.01510710494153001 27.1779006642
0.01695045053547305 29.4272425087
0.01901871830953337 31.6598493183
0.021339352920467073 33.868039231
0.023943147779626545 35.9747535465
0.02686465366282008 37.9591365091
0.030142637178114953 39.7940310079
0.03382059517517346 41.4480174719
0.03794733192202055 42.8900818428
0.04257760670802904 44.0957811876
0.04777286046641968 44.989568864
0.05360203105811556 45.6060066672
0.060142468035272706 45.9544427155
0.06748095902284189 46.0173193115
0.07571488133762316 45.7778476799
0.08495349412609657 45.2486484767
0.09531938816691375 44.3675119917
0.10695011257604951 43.2272232786
0.12 41.8484570349
0.13464221451623556 40.2643068057
0.15107104941530008 38.5048240502
0.16950450535473047 36.5848325635
0.1901871830953337 34.4943004547
0.21339352920467072 32.3240490739
0.23943147779626547 30.1048689689
0.2686465366282008 27.8658328882
0.3014263717811495 25.6353475563
0.33820595175173457 23.4415656948
0.37947331922020555 21.2802400418
0.42577606708029037 19.2042768882
0.4777286046641968 17.2338768195
0.5360203105811556 15.3825935526
0.601424680352727 13.6592465955
0.6748095902284189 12.0692312479
0.7571488133762316 10.6019224215
0.8495349412609656 9.27420955482
0.9531938816691377 8.07893157808
1.0695011257604952 7.01013862596
1.2 6.06034316638
1.3464221451623564 5.21960514659
1.510710494153001 4.47626716978
1.6950450535473047 3.82600655477
1.9018718309533362 3.259309277
2.1339352920467074 2.76704079938
2.3943147779626557 2.34092694869
2.686465366282008 1.97368330483
3.0142637178114953 1.65735759871
3.3820595175173445 1.38735332068
3.794733192202055 1.15713443305
4.257760670802906 0.961377213163
4.777286046641968 0.79555685177
5.360203105811556 0.65570610145
6.014246803527266 0.537658840153
6.74809590228419 0.43915403794
7.57148813376232 0.357020048877
8.495349412609656 0.288739200859
9.531938816691376 0.232246251264
10.695011257604946 0.185795856658
12.0 0.147289598272
13.464221451623564 0.115945333146
15.107104941530007 0.0905601052656
16.950450535473053 0.0701224490703
19.018718309533362 0.0537801496924
21.339352920467075 0.0408141123958
23.943147779626557 0.0304753021178
26.864653662820075 0.0224098680031
30.14263717811496 0.0161968159824
33.820595175173445 0.0114795032497
37.94733192202055 0.00795753243891
42.57760670802906 0.0053791180383
47.772860466419665 0.00349587488347
53.60203105811558 0.00218610372809
60.14246803527267 0.00130331379333
67.48095902284189 0.00074175259128
75.71488133762318 0.000388769167625
84.95349412609654 0.000188203575565
95.31938816691378 8.40300518475e-05
106.95011257604946 3.73829901073e-05
120.0 2.16930093711e-05
