E(GeV) dN/dE (GeV^-1)
1.5107104941529995e-06 0.0
1.6950450535473067e-06 0.0
1.901871830953333e-06 0.0
2.1339352920467072e-06 0.0
2.3943147779626595e-06 0.0
2.686465366282005e-06 0.0
3.0142637178114983e-06 0.0
3.382059517517339e-06 0.0
3.7947331922020555e-06 0.0
4.257760670802913e-06 0.0
4.7772860466419624e-06 0.0
5.360203105811562e-06 0.0
6.014246803527257e-06 0.0
6.748095902284189e-06 0.0
7.571488133762332e-06 0.0
8.495349412609648e-06 0.0
9.531938816691387e-06 0.0
1.069501125760493e-05 0.0
1.2e-05 0.0
1.3464221451623556e-05 0.0
1.5107104941529993e-05 0.0
1.6950450535473063e-05 0.0
1.901871830953337e-05 0.0
2.1339352920467075e-05 0.0
2.3943147779626543e-05 0.0
2.6864653662820054e-05 0.016166018269
3.0142637178114986e-05 0.0288159578963
3.382059517517346e-05 0.0256822495083
3.794733192202055e-05 0.0343339934514
4.257760670802904e-05 0.0306002038735
4.777286046641963e-05 0.0363632805457
5.360203105811561e-05 0.040511009875
6.0142468035272696e-05 0.043326570667
6.748095902284189e-05 0.0579222701297
7.571488133762316e-05 0.0745669565216
8.495349412609647e-05 0.0817943014814
9.531938816691387e-05 0.0956802629072
0.00010695011257604951 0.101518004854
0.00011999999999999999 0.123050103206
0.00013464221451623556 0.158051690473
0.00015107104941529994 0.192609572781
0.00016950450535473065 0.230592710734
0.00019018718309533368 0.276304803799
0.00021339352920467073 0.348015971629
0.00023943147779626543 0.431697985763
0.0002686465366282005 0.517312584608
0.00030142637178114985 0.61377990319
0.0003382059517517346 0.728091773559
0.0003794733192202055 0.868650034321
0.0004257760670802904 1.04550696568
0.0004777286046641963 1.2063518321
0.0005360203105811562 1.40087072148
0.000601424680352727 1.62980116659
0.0006748095902284188 1.89148391012
0.0007571488133762315 2.18481182608
0.0008495349412609649 2.52130934317
0.0009531938816691386 2.91323619538
0.0010695011257604952 3.37120990518
0.0012 3.90973607333
0.0013464221451623556 4.53447074421
0.0015107104941529993 5.23639308689
0.0016950450535473064 5.98439327178
0.0019018718309533368 6.82244514307
0.0021339352920467076 7.74264305535
0.0023943147779626546 8.79720685274
0.002686465366282005 10.0025621438
0.0030142637178114987 11.3343247991
0.003382059517517346 12.7308194925
0.003794733192202055 14.3359300724
0.004257760670802904 16.0519489459
0.004777286046641963 17.9210973678
0.005360203105811562 19.9495657909
0.00601424680352727 22.1285404915
0.006748095902284189 24.4767929114
0.007571488133762316 26.9382307906
0.008495349412609647 29.512610889
0.009531938816691387 32.2520852689
0.010695011257604952 35.1076873681
0.012 38.0017805203
0.013464221451623556 40.9538702035
0.015107104941529993 43.8761444549
0.016950450535473068 46.8087829942
0.019018718309533368 49.7032837298
0.021339352920467076 52.51461288
0.023943147779626542 55.2012577167
0.026864653662820055 57.7242439234
0.030142637178114988 59.988686541
0.03382059517517346 62.0114864662
0.03794733192202055 63.770380073
0.04257760670802904 65.2422254755
0.04777286046641963 66.4041684112
0.05360203105811562 67.235337176
0.0601424680352727 67.6187967711
0.06748095902284189 67.6358670094
0.07571488133762315 67.2892158292
0.08495349412609647 66.5999824404
0.09531938816691386 65.5888931222
0.1069501125760495 64.2584809438
0.12000000000000001 62.5494002827
0.13464221451623556 60.5553537662
0.15107104941530008 58.3197609569
0.1695045053547305 55.8823986281
0.1901871830953337 53.2806385608
0.21339352920467072 50.5505511637
0.23943147779626545 47.6706473126
0.2686465366282008 44.7329341877
0.30142637178114956 41.7698778457
0.3382059517517346 38.8211047286
0.37947331922020555 35.9202754499
0.42577606708029037 33.0867070798
0.4777286046641968 30.3151333638
0.5360203105811556 27.6574173914
0.601424680352727 25.1320950679
0.6748095902284189 22.7511584809
0.7571488133762316 20.5211356008
0.8495349412609656 18.4441415995
0.9531938816691375 16.5146630577
1.0695011257604952 14.7390941646
1.2 13.1152572494
1.3464221451623557 11.636513779
1.510710494153001 10.2948603499
1.6950450535473047 9.08267305939
1.901871830953337 7.9863215846
2.1339352920467074 7.00264407675
2.394314777962655 6.12411442355
2.686465366282008 5.34262331442
3.0142637178114953 4.64963231286
3.382059517517346 4.03641212454
3.794733192202055 3.49373882081
4.257760670802904 3.01615264908
4.777286046641968 2.59749821962
5.360203105811556 2.23157531112
6.01424680352727 1.91257354648
6.748095902284189 1.63526545614
7.571488133762316 1.39394441792
8.495349412609656 1.18536378389
9.531938816691376 1.00550151367
10.69501125760495 0.850790887489
12.0 0.718100533337
13.464221451623562 0.604690575432
15.10710494153001 0.507772189578
16.95045053547305 0.425353466418
19.018718309533362 0.355353370326
21.339352920467075 0.296107863074
23.943147779626557 0.246124317256
26.86465366282008 0.203994102399
30.142637178114953 0.168491257029
33.820595175173445 0.138775049667
37.94733192202055 0.113978992958
42.57760670802906 0.0933290306035
47.77286046641968 0.0761661910708
53.60203105811556 0.0619432867296
60.142468035272664 0.0501420063181
67.48095902284189 0.0404293777095
75.7148813376232 0.0324603498509
84.95349412609656 0.0259384657458
95.31938816691377 0.020619196893
106.95011257604946 0.0163038524903
120.0 0.0127905841234
134.64221451623564 0.00995915957115
151.07104941530008 0.00769050352294
169.50450535473053 0.00588570471587
190.1871830953336 0.00446082231478
213.39352920467076 0.00334439888927
239.43147779626557 0.00246687102693
268.64653662820075 0.00179129667012
301.4263717811496 0.00127787246887
338.20595175173446 0.00089346876693
379.47331922020555 0.000610498459892
425.77606708029055 0.000406173846128
477.72860466419667 0.000259201100058
536.0203105811557 0.000159317648535
601.4246803527267 9.36236644449e-05
674.8095902284189 5.25998570855e-05
757.1488133762319 2.75335618996e-05
849.5349412609655 1.35901231911e-05
953.1938816691378 6.46661891163e-06
1069.5011257604947 3.18522892028e-06
1200.0 1.98725916678e-06
