E(GeV) dN/dE (GeV^-1)
1.636603035332416e-07 0.0
1.8362988080095822e-07 0.0
2.0603611501994442e-07 0.0
2.3117632330505996e-07 0.0
2.593841009459548e-07 0.0
2.910337480138839e-07 0.0
3.2654523609624565e-07 0.0
3.663897810643784e-07 0.0
4.1109609582188935e-07 0.0
4.6125740600364886e-07 0.0
5.17539321719546e-07 0.0
5.806886697962526e-07 0.0
6.515434037154529e-07 0.0
7.310437227474538e-07 0.0
8.202445478242525e-07 0.0
9.203295196993785e-07 0.0
1.0326267051415668e-06 0.0
1.1586262195738673e-06 0.0
1.3e-06 0.0
1.458623990592552e-06 0.0
1.636603035332416e-06 0.0
1.836298808009582e-06 0.0
2.0603611501994484e-06 0.0
2.3117632330505996e-06 0.0
2.593841009459542e-06 0.0
2.910337480138839e-06 0.0
3.2654523609624567e-06 0.0
3.6638978106437917e-06 0.0
4.110960958218893e-06 0.0
4.612574060036479e-06 0.0
5.1753932171954595e-06 0.0
5.806886697962525e-06 0.0
6.515434037154543e-06 0.0
7.3104372274745375e-06 0.0
8.202445478242508e-06 0.0
9.203295196993785e-06 0.0
1.0326267051415668e-05 0.0
1.1586262195738696e-05 0.0
1.3e-05 0.0
1.458623990592552e-05 0.0
1.636603035332416e-05 0.0
1.8362988080095822e-05 0.0
2.0603611501994483e-05 0.0
2.3117632330505996e-05 0.0
2.5938410094595423e-05 0.0167432961511
2.910337480138839e-05 0.0149224784021
3.265452360962457e-05 0.0
3.6638978106437915e-05 0.0
4.110960958218893e-05 0.0
4.612574060036479e-05 0.0
5.17539321719546e-05 0.0
5.806886697962525e-05 0.0
6.515434037154542e-05 0.0133312525129
7.310437227474537e-05 0.017822236963
8.202445478242508e-05 0.0105893902753
9.203295196993786e-05 0.00943780401709
0.00010326267051415669 0.0168229033683
0.00011586262195738697 0.0187417855114
0.00013 0.0233850874871
0.0001458623990592552 0.0297742588017
0.0001636603035332416 0.037150870525
0.0001836298808009582 0.0425709619816
0.00020603611501994484 0.0590199708052
0.00023117632330505998 0.0695092628894
0.0002593841009459542 0.0870651399859
0.0002910337480138839 0.114903083697
0.0003265452360962457 0.148956336202
0.00036638978106437914 0.180170858089
0.0004110960958218893 0.222906849792
0.0004612574060036479 0.280580330901
0.000517539321719546 0.350765798495
0.0005806886697962525 0.430039950981
0.0006515434037154543 0.517252597502
0.0007310437227474538 0.629124964793
0.0008202445478242508 0.74708148392
0.0009203295196993785 0.910276197448
0.001032626705141567 1.1157790659
0.0011586262195738698 1.35128273537
0.0013000000000000002 1.60421700161
0.0014586239905925518 1.88292412662
0.001636603035332416 2.21445724665
0.001836298808009582 2.62166174203
0.0020603611501994485 3.08906311482
0.0023117632330505998 3.61523312174
0.002593841009459542 4.21261331162
0.002910337480138839 4.90263105424
0.003265452360962457 5.73455295033
0.0036638978106437914 6.64557839391
0.004110960958218893 7.66704484535
0.00461257406003648 8.81314117898
0.00517539321719546 10.0871180799
0.005806886697962525 11.5046531373
0.006515434037154543 13.0504296787
0.007310437227474538 14.7082763133
0.008202445478242507 16.5045177891
0.009203295196993784 18.4324559466
0.010326267051415669 20.4652722338
0.011586262195738696 22.5883495698
0.013000000000000001 24.7846181587
0.01458623990592552 27.0255885519
0.016366030353324176 29.2948147621
0.018362988080095802 31.565469589
0.020603611501994485 33.8026343506
0.023117632330505997 35.9679625942
0.025938410094595424 37.9833895795
0.02910337480138842 39.8837556998
0.032654523609624536 41.6142774363
0.03663897810643792 43.1387352726
0.041109609582188934 44.4352656109
0.04612574060036479 45.4893874417
0.051753932171954654 46.1969801263
0.0580688669796252 46.6215435184
0.06515434037154542 46.7515094157
0.07310437227474538 46.5875709918
0.0820244547824251 46.135564343
0.09203295196993794 45.3991499914
0.10326267051415657 44.3133191113
0.11586262195738697 42.9863054349
0.13 41.4401556345
0.1458623990592552 39.7027027513
0.16366030353324176 37.8025976321
0.18362988080095802 35.7653409541
0.20603611501994484 33.5864990018
0.23117632330505997 31.3507309043
0.25938410094595427 29.087979388
0.2910337480138842 26.8241696564
0.3265452360962453 24.5852233407
0.36638978106437914 22.3992085313
0.41109609582188933 20.2659058552
0.4612574060036479 18.2329459937
0.5175393217195465 16.3142683355
0.580688669796252 14.5196639815
0.6515434037154542 12.8571258507
0.7310437227474538 11.3338537698
0.8202445478242509 9.93666608286
0.9203295196993795 8.67425924626
1.0326267051415658 7.54262148424
1.1586262195738697 6.53435762861
1.3 5.64081784271
1.4586239905925527 4.8532818955
1.6366030353324177 4.15817460535
1.8362988080095801 3.55055753091
2.0603611501994474 3.02151075331
2.3117632330505997 2.5629878104
2.5938410094595437 2.16725895112
2.9103374801388417 1.82676100949
3.265452360962453 1.53263169269
3.66389781064379 1.28154108957
4.110960958218893 1.06785987876
4.612574060036482 0.886692033113
5.175393217195466 0.733556933969
5.806886697962519 0.604301263444
6.515434037154539 0.495372546002
7.310437227474538 0.404329584939
8.202445478242513 0.32845890137
9.203295196993794 0.265491136872
10.326267051415657 0.213452530747
11.586262195738692 0.170602125416
13.0 0.135262786974
14.586239905925527 0.106438955691
16.366030353324174 0.0830851356139
18.362988080095807 0.0642963902139
20.603611501994475 0.0492873035981
23.117632330505998 0.037381104695
25.938410094595437 0.0278717781679
29.103374801388412 0.0204651047101
32.65452360962454 0.0147767079454
36.6389781064379 0.0104674527211
41.10960958218893 0.00725210004695
46.125740600364814 0.0048960608661
51.75393217195464 0.00318259543145
58.06886697962521 0.00198487743984
65.15434037154539 0.00118112897577
73.10437227474537 0.000671530007273
82.02445478242512 0.000352060163786
92.03295196993793 0.00017096581977
103.2626705141566 7.5900734272e-05
115.86262195738692 3.35178092086e-05
130.0 1.93929189804e-05
