E(GeV) dN/dE (GeV^-1)
1.6366030353324162e-06 0.0
1.836298808009582e-06 0.0
2.060361150199444e-06 0.0
2.3117632330505996e-06 0.0
2.5938410094595476e-06 0.0
2.910337480138839e-06 0.0
3.2654523609624567e-06 0.0
3.663897810643784e-06 0.0
4.110960958218894e-06 0.0
4.6125740600364885e-06 0.0
5.1753932171954595e-06 0.0
5.806886697962526e-06 0.0
6.515434037154529e-06 0.0
7.310437227474538e-06 0.0
8.202445478242526e-06 0.0
9.203295196993785e-06 0.0
1.0326267051415668e-05 0.0
1.1586262195738674e-05 0.0
1.3000000000000001e-05 0.0
1.458623990592552e-05 0.0
1.636603035332416e-05 0.0
1.836298808009582e-05 0.0
2.0603611501994487e-05 0.0210785610019
2.3117632330505996e-05 0.0187862872674
2.5938410094595423e-05 0.0167432961511
2.910337480138839e-05 0.0149224784021
3.265452360962457e-05 0.0132996728752
3.6638978106437915e-05 0.0237066918538
4.110960958218893e-05 0.0316929170321
4.612574060036479e-05 0.0376617893827
5.1753932171954593e-05 0.0335661051191
5.806886697962525e-05 0.0523526896846
6.515434037154542e-05 0.0666562625647
7.310437227474538e-05 0.0772296935062
8.202445478242508e-05 0.0794204270644
9.203295196993785e-05 0.0896591381624
0.00010326267051415669 0.12196604942
0.00011586262195738697 0.149934284091
0.00013 0.170377065977
0.0001458623990592552 0.199487533972
0.0001636603035332416 0.230866123977
0.0001836298808009582 0.274346199437
0.00020603611501994484 0.335149119929
0.00023117632330505995 0.400147918796
0.0002593841009459542 0.485555588383
0.0002910337480138839 0.581976657684
0.0003265452360962457 0.688923054935
0.00036638978106437914 0.808398192214
0.0004110960958218893 0.957126094369
0.00046125740600364793 1.15715847878
0.000517539321719546 1.37704946251
0.0005806886697962525 1.60049651322
0.0006515434037154543 1.8530440993
0.0007310437227474537 2.14639140491
0.0008202445478242508 2.48638883663
0.0009203295196993786 2.88608046843
0.001032626705141567 3.35995437524
0.0011586262195738698 3.86830452956
0.0013 4.4608724745
0.001458623990592552 5.14022803953
0.001636603035332416 5.88284034763
0.001836298808009582 6.70823758692
0.0020603611501994485 7.6437185761
0.0023117632330505998 8.67757395169
0.0025938410094595425 9.83266809771
0.0029103374801388387 11.1193355566
0.003265452360962457 12.5459804134
0.003663897810643792 14.1410416908
0.0041109609582188926 15.8576566801
0.004612574060036479 17.7153524898
0.00517539321719546 19.7302405043
0.005806886697962525 21.8941191948
0.006515434037154542 24.1964232798
0.007310437227474539 26.6657497589
0.008202445478242509 29.2387890646
0.009203295196993786 31.9165296799
0.010326267051415669 34.7391692838
0.011586262195738698 37.6639419666
0.013000000000000001 40.6278478948
0.01458623990592552 43.6532317996
0.01636603035332416 46.5954709752
0.018362988080095823 49.489689325
0.020603611501994485 52.3080510967
0.023117632330505997 55.0393129846
0.025938410094595424 57.6507852003
0.029103374801388394 60.0389653009
0.03265452360962457 62.1291292437
0.03663897810643792 64.0107942748
0.041109609582188934 65.5977355654
0.04612574060036479 66.8593552342
0.051753932171954606 67.7843744862
0.05806886697962525 68.3378206264
0.06515434037154542 68.4710526349
0.07310437227474538 68.246091987
0.08202445478242508 67.6660450181
0.09203295196993785 66.7313665033
0.10326267051415669 65.4567351971
0.11586262195738696 63.88599764
0.13 61.9476245882
0.1458623990592552 59.7622044815
0.16366030353324176 57.3576668531
0.18362988080095802 54.7727007709
0.20603611501994484 52.0471996886
0.23117632330505994 49.2146452822
0.25938410094595427 46.2624221124
0.2910337480138842 43.2825531016
0.32654523609624536 40.3038673177
0.36638978106437914 37.3570097645
0.41109609582188933 34.4716991759
0.4612574060036479 31.6746476473
0.5175393217195465 28.9474275161
0.580688669796252 26.3532700092
0.6515434037154543 23.901385331
0.7310437227474538 21.5980234118
0.8202445478242508 19.4477466884
0.9203295196993794 17.4540996779
1.0326267051415656 15.6002833048
1.1586262195738697 13.9020515075
1.3 12.354496061
1.458623990592552 10.9479878156
1.6366030353324177 9.67353074847
1.8362988080095801 8.52531193158
2.0603611501994483 7.48838939537
2.3117632330505997 6.56036538826
2.5938410094595428 5.73305730101
2.9103374801388417 4.99765829205
3.265452360962453 4.3456018796
3.663897810643791 3.76900366303
4.110960958218893 3.25921697471
4.612574060036479 2.81172167091
5.175393217195466 2.41994406889
5.806886697962519 2.0777413139
6.515434037154542 1.77958429867
7.310437227474538 1.52059640628
8.20244547824251 1.29527595177
9.203295196993794 1.10057644409
10.326267051415657 0.93295397657
11.586262195738696 0.789123965982
13.0 0.665966935653
14.586239905925526 0.560529422071
16.366030353324177 0.470391160565
18.362988080095803 0.393697107825
20.603611501994475 0.328748572724
23.117632330505998 0.273833770072
25.93841009459544 0.227454195607
29.10337480138842 0.188390678975
32.65452360962453 0.155500134348
36.6389781064379 0.128012568153
41.10960958218893 0.105087226395
46.125740600364814 0.0860172013346
51.75393217195465 0.0701940096489
58.06886697962519 0.0570893740734
65.15434037154539 0.0461878707251
73.10437227474539 0.0372257043745
82.02445478242512 0.0298754549762
92.03295196993794 0.023868362083
103.26267051415658 0.0189733036085
115.86262195738692 0.0149891627788
130.0 0.0117526267148
145.86239905925527 0.00915107973618
163.66030353324174 0.00706712783733
183.6298808009581 0.00540716492641
206.03611501994476 0.00409542106845
231.17632330505998 0.00306939754519
259.38410094595434 0.00226087239423
291.0337480138841 0.00163999231438
326.5452360962454 0.00116901331642
366.389781064379 0.000817214710914
411.0960958218893 0.000558684854303
461.2574060036481 0.000371814132591
517.5393217195464 0.000237595157628
580.688669796252 0.000145597317386
651.5434037154539 8.5445996419e-05
731.0437227474538 4.80255819441e-05
820.2445478242512 2.51911005258e-05
920.3295196993793 1.2473001789e-05
1032.626705141566 5.9813832926e-06
1158.6262195738693 2.9537053966e-06
1300.0 1.85209892898e-06
