E(GeV) dN/dE (GeV^-1)
1.7624955765118327e-07 0.0
1.9775525624718578e-07 0.0
2.2188504694455554e-07 0.0
2.489591174054492e-07 0.0
2.793367240956436e-07 0.0
3.134209593995673e-07 0.0
3.516641004113415e-07 0.0
3.945736103770229e-07 0.0
4.4271887242357314e-07 0.0
4.967387449270065e-07 0.0
5.573500387748957e-07 0.0
6.253570290113489e-07 0.0
7.0166212707818e-07 0.0
7.872778552664887e-07 0.0
8.833402822722721e-07 0.0
9.911240981377922e-07 0.0
1.1120595286139952e-06 0.0
1.247751313387242e-06 0.0
1.4e-06 0.0
1.5708258360227483e-06 0.0
1.7624955765118325e-06 0.0
1.9775525624718575e-06 0.0
2.21885046944556e-06 0.0
2.489591174054492e-06 0.0
2.79336724095643e-06 0.0
3.1342095939956728e-06 0.0
3.5166410041134148e-06 0.0
3.945736103770237e-06 0.0
4.427188724235731e-06 0.0
4.967387449270054e-06 0.0
5.573500387748957e-06 0.0
6.253570290113488e-06 0.0
7.016621270781815e-06 0.0
7.872778552664887e-06 0.0
8.833402822722701e-06 0.0
9.911240981377923e-06 0.0
1.112059528613995e-05 0.0
1.2477513133872442e-05 0.0
1.4e-05 0.0
1.570825836022748e-05 0.0
1.7624955765118327e-05 0.0
1.9775525624718575e-05 0.0
2.21885046944556e-05 0.0
2.4895911740544917e-05 0.0
2.7933672409564303e-05 0.0
3.134209593995673e-05 0.0138565870877
3.516641004113415e-05 0.0123496962413
3.945736103770237e-05 0.0
4.427188724235731e-05 0.0
4.967387449270055e-05 0.00874291539242
5.573500387748957e-05 0.0
6.253570290113489e-05 0.00694474455
7.016621270781815e-05 0.00618951009529
7.872778552664886e-05 0.00551640667901
8.833402822722702e-05 0.0147495078834
9.911240981377923e-05 0.0175273503175
0.0001112059528613995 0.0234319011201
0.00012477513133872444 0.0313255557834
0.00014 0.0465315516325
0.00015708258360227483 0.0552950520604
0.00017624955765118325 0.0542099437253
0.00019775525624718575 0.0636875105835
0.00022188504694455597 0.0743772081065
0.0002489591174054492 0.09594425283
0.000279336724095643 0.119714567481
0.00031342095939956724 0.14687982313
0.0003516641004113415 0.185245443619
0.0003945736103770237 0.228938909902
0.0004427188724235731 0.296253314924
0.0004967387449270054 0.366328154942
0.0005573500387748957 0.439476219167
0.0006253570290113489 0.52641163689
0.0007016621270781815 0.634424784767
0.0007872778552664888 0.750231308346
0.0008833402822722702 0.893820177734
0.0009911240981377923 1.07486475822
0.0011120595286139951 1.28797349824
0.0012477513133872444 1.53878091243
0.0014000000000000002 1.8423392343
0.0015708258360227483 2.20350782461
0.0017624955765118326 2.58482868035
0.0019775525624718578 3.04667873905
0.0022188504694455598 3.57578214447
0.002489591174054492 4.17078389257
0.00279336724095643 4.84237651786
0.003134209593995673 5.60526660872
0.003516641004113415 6.49137083529
0.003945736103770237 7.48641242058
0.004427188724235732 8.60331398193
0.0049673874492700545 9.8531782181
0.005573500387748957 11.2378900363
0.006253570290113489 12.7386060332
0.007016621270781815 14.395191209
0.007872778552664886 16.1905432748
0.008833402822722701 18.1027593357
0.009911240981377922 20.1213105277
0.01112059528613995 22.2425368725
0.012477513133872442 24.4590287618
0.014 26.6994630953
0.015708258360227483 28.9654559485
0.017624955765118345 31.2517861488
0.019775525624718557 33.5296076193
0.0221885046944556 35.7542395949
0.024895911740544917 37.8795760157
0.027933672409564302 39.8335142366
0.03134209593995676 41.6137420705
0.03516641004113411 43.2096482458
0.03945736103770237 44.6008768194
0.04427188724235731 45.7585022461
0.04967387449270055 46.6474753596
0.05573500387748963 47.1784110824
0.06253570290113483 47.4041526581
0.07016621270781816 47.3271295696
0.07872778552664887 46.958478052
0.08833402822722702 46.3078155254
0.09911240981377932 45.3738142065
0.11120595286139938 44.115216807
0.12477513133872443 42.6313978652
0.14 40.9414030224
0.15708258360227484 39.075393146
0.17624955765118344 37.0655340277
0.19775525624718557 34.9387047716
0.22188504694455596 32.6966708615
0.24895911740544918 30.4121109626
0.27933672409564303 28.1170401888
0.3134209593995676 25.8393063338
0.3516641004113411 23.6042226548
0.39457361037702365 21.4354807921
0.4427188724235731 19.3365019327
0.4967387449270054 17.3478361054
0.5573500387748963 15.4807181302
0.6253570290113483 13.7445474199
0.7016621270781814 12.1450084308
0.7872778552664887 10.6833357555
0.8833402822722702 9.35023665482
0.9911240981377932 8.15003955683
1.1120595286139938 7.07763502322
1.2477513133872442 6.12512768973
1.4000000000000001 5.28273884483
1.570825836022749 4.53966543788
1.7624955765118344 3.88498814304
1.9775525624718555 3.31452029822
2.2188504694455586 2.81832896316
2.489591174054492 2.38855624749
2.7933672409564316 2.0178428287
3.134209593995676 1.6987516196
3.5166410041134113 1.42446978509
3.945736103770235 1.19046086847
4.427188724235731 0.99136266983
4.967387449270057 0.822672754761
5.573500387748963 0.680235006178
6.2535702901134815 0.560093786853
7.016621270781811 0.458845156936
7.8727785526648875 0.374205171251
8.833402822722705 0.303842123989
9.911240981377933 0.245514622482
11.12059528613994 0.197298130505
12.477513133872437 0.157625463062
14.0 0.124954122597
15.70825836022749 0.0983184179219
17.624955765118344 0.0767305038515
19.77552562471856 0.0593606250369
22.188504694455588 0.0454860079519
24.89591174054492 0.0344749854818
27.933672409564316 0.0256896423197
31.342095939956753 0.0188573877979
35.16641004113412 0.0136130207679
39.457361037702356 0.00964095870301
44.27188724235731 0.00667722599787
49.67387449270056 0.00450489207093
55.73500387748961 0.00292097401542
62.53570290113484 0.00182326628941
70.16621270781812 0.0010860609574
78.72778552664887 0.000617429333955
88.33402822722705 0.000324503922943
99.11240981377931 0.000156716421026
111.20595286139941 6.96552313965e-05
124.77513133872438 3.09461684967e-05
140.0 1.80139146887e-05
