E(GeV) dN/dE (GeV^-1)
1.8883881176912494e-07 0.0
2.1188063169341333e-07 0.0
2.3773397886916664e-07 0.0
2.667419115058384e-07 0.0
2.9928934724533244e-07 0.0
3.3580817078525065e-07 0.0
3.767829647264373e-07 0.0
4.227574396896674e-07 0.0
4.7434164902525693e-07 0.0
5.322200838503641e-07 0.0
5.971607558302453e-07 0.0
6.700253882264453e-07 0.0
7.517808504409072e-07 0.0
8.435119877855237e-07 0.0
9.464360167202915e-07 0.0
1.061918676576206e-06 0.0
1.1914923520864233e-06 0.0
1.3368764072006163e-06 0.0
1.5e-06 0.0
1.6830276814529445e-06 0.0
1.8883881176912492e-06 0.0
2.118806316934133e-06 0.0
2.3773397886916714e-06 0.0
2.6674191150583844e-06 0.0
2.992893472453318e-06 0.0
3.358081707852507e-06 0.0
3.767829647264373e-06 0.0
4.2275743968966825e-06 0.0
4.743416490252569e-06 0.0
5.32220083850363e-06 0.0
5.971607558302454e-06 0.0
6.7002538822644516e-06 0.0
7.517808504409087e-06 0.0
8.435119877855236e-06 0.0
9.464360167202895e-06 0.0
1.0619186765762059e-05 0.0
1.1914923520864233e-05 0.0
1.336876407200619e-05 0.0
1.4999999999999999e-05 0.0
1.6830276814529445e-05 0.0258043576282
1.8883881176912493e-05 0.022998157944
2.118806316934133e-05 0.0
2.377339788691671e-05 0.0
2.6674191150583842e-05 0.0
2.992893472453318e-05 0.0
3.3580817078525065e-05 0.0
3.767829647264373e-05 0.0
4.2275743968966826e-05 0.0
4.743416490252569e-05 0.0
5.32220083850363e-05 0.0
5.9716075583024535e-05 0.00727265610915
6.700253882264452e-05 0.01296352316
7.517808504409087e-05 0.0115537521779
8.435119877855235e-05 0.020594584935
9.464360167202894e-05 0.0275324147157
0.00010619186765762061 0.0286280055185
0.00011914923520864232 0.0328046615682
0.0001336876407200619 0.0324857615531
0.00015 0.0347435585523
0.00016830276814529444 0.0464478437307
0.0001888388117691249 0.0666946580377
0.0002118806316934133 0.075839380419
0.0002377339788691671 0.0822063879072
0.00026674191150583845 0.100944983584
0.00029928934724533183 0.130597709979
0.00033580817078525063 0.172006434382
0.00037678296472643734 0.219001280012
0.00042275743968966825 0.271204554807
0.00047434164902525685 0.327775190816
0.000532220083850363 0.3965786422
0.0005971607558302454 0.480722568815
0.0006700253882264452 0.585303070674
0.0007517808504409087 0.719798760682
0.0008435119877855236 0.881963099841
0.0009464360167202895 1.05953909297
0.0010619186765762059 1.26004121432
0.0011914923520864233 1.50536946974
0.001336876407200619 1.79548804104
0.0015 2.12109424962
0.0016830276814529446 2.50328073351
0.001888388117691249 2.93203515629
0.0021188063169341334 3.42302068378
0.002377339788691671 4.01660411315
0.0026674191150583846 4.70761815377
0.0029928934724533177 5.47073807101
0.003358081707852507 6.33242334818
0.0037678296472643735 7.2825994072
0.004227574396896683 8.36244862688
0.004743416490252569 9.56618303409
0.00532220083850363 10.9033830436
0.005971607558302454 12.3856969867
0.006700253882264452 13.998206761
0.007517808504409087 15.763823934
0.008435119877855236 17.6577456368
0.009464360167202894 19.6764531628
0.010619186765762059 21.7944188069
0.011914923520864233 23.9901219041
0.013368764072006187 26.2919287981
0.015000000000000001 28.5789220994
0.016830276814529446 30.8835067532
0.01888388117691251 33.1636197332
0.021188063169341312 35.4013718427
0.023773397886916712 37.5816184404
0.02667419115058384 39.6588255512
0.02992893472453318 41.5314212829
0.0335808170785251 43.2207939376
0.037678296472643695 44.6969855593
0.04227574396896683 45.9356721136
0.047434164902525694 46.9187754111
0.053222008385036296 47.6345458445
0.0597160755830246 47.9816904949
0.06700253882264445 48.0199491761
0.07517808504409088 47.7604732641
0.08435119877855236 47.2113096805
0.09464360167202895 46.3772008159
0.1061918676576207 45.2599442697
0.11914923520864219 43.8447824669
0.1336876407200619 42.2089091662
0.15 40.3860543307
0.16830276814529446 38.4100417927
0.18883881176912512 36.3126586084
0.2118806316934131 34.1221275218
0.2377339788691671 31.8159820841
0.2667419115058384 29.4973274022
0.29928934724533185 27.1847607661
0.335808170785251 24.9047780089
0.3767829647264369 22.684826877
0.4227574396896682 20.5484335781
0.4743416490252569 18.4856399807
0.532220083850363 16.5434592126
0.597160755830246 14.7302682267
0.6700253882264445 13.0515027026
0.7517808504409087 11.5102615439
0.8435119877855236 10.1076498064
0.9464360167202895 8.83337328827
1.061918676576207 7.69100529216
1.191492352086422 6.67080423764
1.3368764072006187 5.76519385161
1.5 4.96601871586
1.6830276814529452 4.26351698976
1.8883881176912511 3.64582944436
2.118806316934131 3.10726465323
2.3773397886916703 2.64000279534
2.6674191150583844 2.23609078176
2.9928934724533196 1.88795459597
3.35808170785251 1.58866255017
3.767829647264369 1.33129252899
4.227574396896681 1.11208948088
4.743416490252569 0.925561512522
5.322200838503632 0.767573065946
5.97160755830246 0.634272048138
6.700253882264445 0.52176605651
7.517808504409083 0.427229160001
8.435119877855236 0.348406316315
9.4643601672029 0.28277561165
10.61918676576207 0.228323107881
11.914923520864221 0.183361109091
13.368764072006183 0.146431389403
15.0 0.115994989347
16.830276814529455 0.0912539110117
18.88388117691251 0.0712195226151
21.188063169341316 0.0550852780592
23.7733978869167 0.0421855780611
26.674191150583844 0.0319638545784
29.928934724533196 0.0238009828071
33.580817078525094 0.0174722066795
37.6782964726437 0.0126109005499
42.27574396896681 0.00892773548436
47.434164902525694 0.00618140977941
53.22200838503632 0.0041688493749
59.71607558302458 0.00270068630082
67.00253882264447 0.0016838579503
75.17808504409084 0.00100211469515
84.35119877855236 0.000568971746645
94.64360167202899 0.000298070510448
106.19186765762069 0.000144301506674
119.14923520864222 6.44684499063e-05
133.68764072006184 2.89935421862e-05
150.0 1.69896001321e-05
