E(GeV) dN/dE (GeV^-1)
1.8883881176912494e-06 0.0
2.1188063169341333e-06 0.0
2.3773397886916664e-06 0.0
2.6674191150583844e-06 0.0
2.992893472453324e-06 0.0
3.358081707852507e-06 0.0
3.767829647264373e-06 0.0
4.227574396896674e-06 0.0
4.74341649025257e-06 0.0
5.32220083850364e-06 0.0
5.971607558302454e-06 0.0
6.700253882264452e-06 0.0
7.517808504409072e-06 0.0
8.435119877855236e-06 0.0
9.464360167202914e-06 0.0
1.061918676576206e-05 0.0408971507407
1.1914923520864233e-05 0.0
1.3368764072006162e-05 0.0
1.5e-05 0.0
1.6830276814529445e-05 0.0
1.8883881176912493e-05 0.0
2.118806316934133e-05 0.0
2.3773397886916714e-05 0.0
2.6674191150583842e-05 0.0
2.992893472453318e-05 0.0
3.3580817078525065e-05 0.0129328146152
3.767829647264373e-05 0.0345791494755
4.2275743968966826e-05 0.0513644990165
4.743416490252569e-05 0.0640901211093
5.32220083850363e-05 0.0734404892963
5.9716075583024535e-05 0.0727265610915
6.700253882264452e-05 0.07778113896
7.517808504409087e-05 0.0982068935119
8.435119877855235e-05 0.128716155844
9.464360167202894e-05 0.160605752508
0.0001061918676576206 0.188126893407
0.00011914923520864232 0.211407818995
0.0001336876407200619 0.217654602406
0.00015 0.234519020228
0.00016830276814529444 0.270945755096
0.0001888388117691249 0.331173474394
0.00021188063169341333 0.405843170891
0.0002377339788691671 0.478623858482
0.0002667419115058384 0.547056685227
0.00029928934724533183 0.655890721227
0.0003358081707852507 0.77467559545
0.00037678296472643734 0.918652737732
0.00042275743968966825 1.08995466913
0.00047434164902525685 1.28180242219
0.000532220083850363 1.49084193272
0.0005971607558302454 1.72652856031
0.0006700253882264452 2.02814319838
0.0007517808504409087 2.3708299469
0.0008435119877855235 2.75298114118
0.0009464360167202895 3.1877947505
0.001061918676576206 3.67747179461
0.0011914923520864233 4.17639791387
0.0013368764072006188 4.81536443502
0.0015 5.55057300838
0.0016830276814529446 6.35509719667
0.001888388117691249 7.24005010237
0.002118806316934133 8.28207028435
0.002377339788691671 9.36001932712
0.0026674191150583846 10.5914081808
0.002992893472453318 11.9451920975
0.0033580817078525064 13.4397809481
0.0037678296472643735 15.1065930314
0.004227574396896683 16.9097067212
0.004743416490252569 18.8375515111
0.005322200838503629 20.9049984793
0.005971607558302454 23.1330100051
0.006700253882264452 25.5332144864
0.007517808504409087 28.1005738969
0.008435119877855236 30.8062554156
0.009464360167202894 33.5934922659
0.01061918676576206 36.4664761209
0.011914923520864233 39.4298181193
0.01336876407200619 42.4464158175
0.015000000000000001 45.475062059
0.016830276814529446 48.5297909129
0.018883881176912493 51.4488801606
0.021188063169341333 54.3121673158
0.023773397886916712 57.0433779305
0.026674191150583844 59.6000348961
0.02992893472453318 61.9596456755
0.03358081707852507 64.0991935992
0.03767829647264373 65.8882179434
0.04227574396896682 67.3546579305
0.047434164902525694 68.5203598867
0.0532220083850363 69.3616208409
0.05971607558302454 69.8403929693
0.06700253882264452 69.9396788081
0.07517808504409088 69.5955802231
0.08435119877855236 68.9041163031
0.09464360167202894 67.8564214294
0.10619186765762059 66.4746786826
0.11914923520864233 64.7960882862
0.1336876407200619 62.8574309588
0.15 60.5659904127
0.16830276814529446 58.069460654
0.18883881176912512 55.4076795774
0.21188063169341312 52.6153431674
0.23773397886916714 49.7238545083
0.2667419115058384 46.7628857559
0.2992893472453318 43.7191128597
0.335808170785251 40.6873745364
0.3767829647264369 37.6944818734
0.4227574396896682 34.7670504396
0.4743416490252569 31.9309050621
0.532220083850363 29.2103597496
0.5971607558302461 26.5921012485
0.6700253882264445 24.1164537264
0.7517808504409088 21.792450506
0.8435119877855236 19.6262110757
0.9464360167202894 17.619558771
1.061918676576207 15.7696411405
1.191492352086422 14.0640713689
1.336876407200619 12.5047887001
1.5 11.0867891098
1.6830276814529446 9.80315132775
1.8883881176912511 8.64531873624
2.118806316934131 7.60353022346
2.377339788691671 6.66814685854
2.667419115058384 5.83194256685
2.9928934724533183 5.08818647036
3.35808170785251 4.42857814757
3.767829647264369 3.84491303157
4.227574396896682 3.32990499758
4.743416490252569 2.87558475017
5.32220083850363 2.47759414054
5.97160755830246 2.12959763443
6.7002538822644455 1.82593453435
7.5178085044090865 1.56162969608
8.435119877855236 1.33233758252
9.464360167202896 1.13381480244
10.61918676576207 0.962781787357
11.914923520864221 0.81545073219
13.368764072006188 0.688952800811
15.0 0.580740897438
16.830276814529455 0.488345506982
18.883881176912514 0.40939248638
21.18806316934131 0.342407464619
23.7733978869167 0.285657862986
26.674191150583844 0.237702105023
29.9289347245332 0.197298545896
33.5808170785251 0.163355946275
37.678296472643694 0.134785467369
42.2757439689668 0.110893754976
47.43416490252569 0.0909729421462
53.222008385036325 0.0744012296172
59.716075583024605 0.0606510647058
67.00253882264445 0.0492823435432
75.17808504409084 0.0398526635616
84.35119877855237 0.0320942201629
94.64360167202899 0.0257409217887
106.1918676576207 0.0205514930502
119.14923520864221 0.0163248972029
133.68764072006184 0.0128998522695
150.0 0.0101082938205
168.30276814529455 0.00786181879945
188.8388117691251 0.00606759481111
211.88063169341316 0.00464202394009
237.733978869167 0.00351594346228
266.74191150583846 0.0026339558285
299.28934724533195 0.00194094606788
335.8081707852509 0.00140703979216
376.782964726437 0.00100164845967
422.75743968966805 0.000698821200149
474.3416490252569 0.000476662035592
532.2200838503632 0.000316921007482
597.1607558302458 0.000202859833181
670.0253882264448 0.000124635200717
751.7808504409084 7.31577811027e-05
843.5119877855236 4.10367699415e-05
946.4360167202899 2.15799066541e-05
1061.918676576207 1.0709327893e-05
1191.4923520864222 5.13684550534e-06
1336.8764072006184 2.53973683822e-06
1500.0 1.61325923544e-06
