E(GeV) dN/dE (GeV^-1)
2.014280658870666e-07 0.0
2.2600600713964086e-07 0.0
2.5358291079377776e-07 0.0
2.8452470560622765e-07 0.0
3.1924197039502127e-07 0.0
3.5819538217093405e-07 0.0
4.0190182904153313e-07 0.0
4.509412690023119e-07 0.0
5.059644256269407e-07 0.0
5.677014227737217e-07 0.0
6.36971472885595e-07 0.0
7.146937474415416e-07 0.0
8.018995738036343e-07 0.0
8.997461203045586e-07 0.0
1.0095317511683109e-06 0.0
1.1327132550146199e-06 0.0
1.2709251755588515e-06 0.0
1.4260015010139907e-06 0.0
1.6e-06 0.0
1.7952295268831408e-06 0.0
2.014280658870666e-06 0.0
2.2600600713964087e-06 0.0
2.535829107937783e-06 0.0
2.8452470560622763e-06 0.0
3.192419703950206e-06 0.0
3.5819538217093404e-06 0.0
4.019018290415332e-06 0.0
4.509412690023128e-06 0.0
5.059644256269407e-06 0.0
5.677014227737205e-06 0.0
6.36971472885595e-06 0.0
7.146937474415416e-06 0.0
8.01899573803636e-06 0.0
8.997461203045585e-06 0.0
1.0095317511683087e-05 0.0
1.1327132550146196e-05 0.0
1.2709251755588515e-05 0.0
1.4260015010139935e-05 0.0
1.6e-05 0.0
1.795229526883141e-05 0.0
2.0142806588706658e-05 0.0
2.2600600713964087e-05 0.0
2.5358291079377825e-05 0.0
2.8452470560622763e-05 0.0
3.192419703950206e-05 0.0
3.58195382170934e-05 0.0
4.0190182904153316e-05 0.0
4.5094126900231275e-05 0.0
5.059644256269407e-05 0.0
5.6770142277372054e-05 0.0
6.36971472885595e-05 0.00681811510233
7.146937474415415e-05 0.00607665148125
8.01899573803636e-05 0.0108316426668
8.997461203045585e-05 0.0144805675324
0.00010095317511683087 0.012905819398
0.00011327132550146199 0.0153364315278
0.00012709251755588515 0.0239200657268
0.00014260015010139935 0.0365464817473
0.00015999999999999999 0.0434294481903
0.00017952295268831408 0.0556406461357
0.00020142806588706658 0.0733066284467
0.00022600600713964088 0.0903154783706
0.00025358291079377826 0.10960851721
0.00028452470560622766 0.137374725643
0.0003192419703950206 0.179571851221
0.000358195382170934 0.231578211703
0.00040190182904153315 0.279874991067
0.00045094126900231283 0.326485596874
0.0005059644256269406 0.39054917551
0.0005677014227737204 0.463593088683
0.0006369714728855951 0.559085438391
0.0007146937474415416 0.683623291641
0.000801899573803636 0.832953321074
0.0008997461203045586 1.00495138675
0.0010095317511683087 1.21572818729
0.0011327132550146197 1.45696099514
0.0012709251755588515 1.73386304997
0.0014260015010139934 2.04660297785
0.0016 2.39866271036
0.0017952295268831408 2.81686818959
0.0020142806588706657 3.29707341825
0.0022600600713964087 3.86108278064
0.0025358291079377827 4.51039048318
0.0028452470560622767 5.24771451956
0.0031924197039502056 6.08286042083
0.003581953821709341 7.04373623503
0.004019018290415332 8.102651141
0.004509412690023128 9.28355534662
0.005059644256269407 10.5989896134
0.005677014227737205 12.0475297665
0.0063697147288559516 13.6221848875
0.007146937474415416 15.3299940574
0.00801899573803636 17.1488191446
0.008997461203045586 19.0967793875
0.010095317511683088 21.1725559745
0.011327132550146196 23.3499087064
0.012709251755588515 25.5955638164
0.014260015010139935 27.9010155697
0.016 30.2371290042
0.01795229526883141 32.568816767
0.02014280658870668 34.8632741605
0.022600600713964067 37.0995231803
0.02535829107937783 39.2499536962
0.028452470560622764 41.2541796095
0.03192419703950206 43.0380263939
0.03581953821709344 44.627594796
0.04019018290415327 45.9906578178
0.04509412690023128 47.0957688584
0.05059644256269407 47.9212936859
0.05677014227737205 48.4651001481
0.06369714728855957 48.6370718093
0.07146937474415409 48.5070102121
0.08018995738036361 48.0689616967
0.08997461203045586 47.3385391648
0.10095317511683088 46.3381982825
0.11327132550146209 45.0831926632
0.12709251755588502 43.5186196134
0.14260015010139934 41.7585795604
0.16 39.8298065201
0.17952295268831409 37.7615889298
0.2014280658870668 35.583287553
0.22600600713964064 33.3224664618
0.25358291079377826 30.9813252139
0.28452470560622767 28.635677609
0.3192419703950206 26.3127300186
0.3581953821709344 24.0357778191
0.4019018290415327 21.8291568182
0.4509412690023128 19.7205062972
0.5059644256269407 17.6970500667
0.5677014227737205 15.8012674857
0.6369714728855957 14.0402867055
0.7146937474415409 12.4179387039
0.801899573803636 10.9351390124
0.8997461203045586 9.5902694258
1.0095317511683088 8.36859704676
1.1327132550146208 7.27669967163
1.2709251755588502 6.30475216857
1.4260015010139935 5.44493544838
1.6 4.68792284066
1.7952295268831417 4.02180097562
2.014280658870668 3.43603863772
2.2600600713964063 2.92669248482
2.5358291079377815 2.48467180448
2.8452470560622767 2.10257817863
3.1924197039502076 1.77375905143
3.5819538217093436 1.49189255466
4.019018290415327 1.24938486881
4.509412690023126 1.04281714735
5.059644256269406 0.867531432814
5.677014227737208 0.719173564985
6.369714728855957 0.593935142838
7.146937474415408 0.488596565275
8.018995738036356 0.399953152123
8.997461203045585 0.325950721019
10.095317511683092 0.264396359679
11.327132550146208 0.213401882121
12.709251755588502 0.17134052429
14.260015010139927 0.136810993036
16.0 0.108319666778
17.952295268831417 0.0851286645178
20.142806588706677 0.0664050034254
22.60060071396407 0.051361317234
25.358291079377814 0.0393291972289
28.452470560622768 0.0297680193129
31.924197039502076 0.022170838611
35.81953821709343 0.0162645986484
40.19018290415328 0.0117312898331
45.09412690023126 0.00829877269951
50.59644256269407 0.00574048920211
56.770142277372074 0.00386983948276
63.69714728855955 0.00250650956449
71.46937474415411 0.00156247724207
80.18995738036355 0.000930232303864
89.97461203045586 0.000527869781971
100.95317511683092 0.00027676529699
113.27132550146206 0.000134600191303
127.09251755588504 6.04015831124e-05
142.6001501013993 2.70748518944e-05
160.0 1.57051742018e-05
