E(GeV) dN/dE (GeV^-1)
2.1401732000500826e-06 0.0
2.401313825858684e-06 0.0
2.6943184271838885e-06 0.0
3.0230749970661687e-06 0.0
3.391945935447101e-06 0.0
3.805825935566174e-06 0.0
4.27020693356629e-06 0.0
4.791250983149564e-06 0.0
5.3758720222862455e-06 0.0
6.031827616970793e-06 0.0
6.767821899409447e-06 0.0
7.59362106656638e-06 0.0
8.520182971663614e-06 0.0
9.559802528235934e-06 0.0
1.0726274856163303e-05 0.0
1.2035078334530336e-05 0.0
1.3503579990312797e-05 0.0
1.515126594827365e-05 0.0
1.7e-05 0.0
1.9074313723133373e-05 0.0
2.1401732000500823e-05 0.0
2.4013138258586842e-05 0.0
2.6943184271838944e-05 0.0
3.0230749970661688e-05 0.014365984381
3.3919459354470936e-05 0.0256073941135
3.8058259355661744e-05 0.0228226140268
4.2702069335662895e-05 0.0305110142431
4.791250983149574e-05 0.0453216167793
5.3758720222862445e-05 0.0565501068612
6.0318276169707804e-05 0.064800431732
6.767821899409448e-05 0.0641704950807
7.593621066566379e-05 0.0915072223059
8.520182971663633e-05 0.117236602981
9.559802528235934e-05 0.145373540718
0.00010726274856163281 0.170053149714
0.00012035078334530333 0.19847146683
0.00013503579990312798 0.250859176698
0.0001515126594827368 0.30957019833
0.00016999999999999999 0.347435585523
0.00019074313723133372 0.389342219507
0.00021401732000500824 0.45658107683
0.00024013138258586843 0.537145373238
0.0002694318427183894 0.620577634202
0.0003023074997066169 0.702496636229
0.0003391945935447094 0.836081417806
0.0003805825935566174 0.972243357542
0.00042702069335662896 1.16246964266
0.00047912509831495736 1.39228006746
0.0005375872022286244 1.61410162155
0.000603182761697078 1.8612124003
0.0006767821899409448 2.19398922681
0.0007593621066566379 2.54561654052
0.0008520182971663632 2.94620680536
0.0009559802528235934 3.40582948362
0.001072627485616328 3.91243710879
0.0012035078334530335 4.44143057044
0.0013503579990312797 5.0950142016
0.001515126594827368 5.83740471203
0.0017 6.68992329271
0.0019074313723133373 7.65797439235
0.0021401732000500824 8.72759801484
0.0024013138258586844 9.86141031016
0.002694318427183894 11.1041487383
0.003023074997066169 12.4798742916
0.003391945935447094 14.0203043511
0.003805825935566174 15.7202165417
0.00427020693356629 17.564987493
0.004791250983149573 19.5870963397
0.005375872022286244 21.734468071
0.00603182761697078 24.0470082129
0.006767821899409447 26.4999759895
0.007593621066566379 29.1004977256
0.008520182971663633 31.8521655813
0.009559802528235935 34.6934863507
0.01072627485616328 37.6266077273
0.012035078334530335 40.6474976926
0.013503579990312797 43.7003118094
0.01515126594827368 46.7463611597
0.017 49.7753847066
0.01907431372313337 52.817323062
0.021401732000500825 55.6947134989
0.024013138258586843 58.4143603969
0.02694318427183894 60.9694153199
0.030230749970661688 63.3226732741
0.03391945935447094 65.4304385841
0.03805825935566175 67.2736602128
0.042702069335662896 68.7102955585
0.04791250983149573 69.860181331
0.053758720222862454 70.663502838
0.06031827616970781 71.0958944755
0.06767821899409449 71.1594192069
0.07593621066566379 70.8712513085
0.08520182971663633 70.1177595287
0.09559802528235935 69.0288904131
0.1072627485616328 67.6019857474
0.12035078334530334 65.8594652497
0.13503579990312797 63.8382991588
0.1515126594827368 61.579867236
0.17 59.0301004837
0.1907431372313337 56.3092400777
0.21401732000500848 53.4520440685
0.2401313825858682 50.4986606342
0.26943184271838944 47.4880367631
0.30230749970661686 44.4530030706
0.3391945935447094 41.3743032752
0.3805825935566178 38.338734778
0.4270206933566285 35.3730694579
0.47912509831495737 32.5000951351
0.5375872022286245 29.7397359362
0.6031827616970781 27.1096861379
0.6767821899409455 24.6031834268
0.7593621066566372 22.2473925931
0.8520182971663633 20.048877163
0.9559802528235934 18.0105732773
1.072627485616328 16.1314098106
1.2035078334530347 14.4065057391
1.3503579990312782 12.8197935145
1.515126594827368 11.3761395364
1.7 10.0682479521
1.9074313723133371 8.88774207483
2.140173200050085 7.82581223822
2.401313825858682 6.8736390046
2.694318427183894 6.0184832718
3.0230749970661686 5.2569690867
3.391945935447094 4.58078791465
3.805825935566178 3.98186591967
4.270206933566285 3.4527843171
4.791250983149573 2.98692913044
5.375872022286245 2.57637367
6.03182761697078 2.21706116314
6.767821899409455 1.90339904352
7.593621066566372 1.63035735677
8.520182971663631 1.39333337522
9.559802528235934 1.18808724926
10.72627485616328 1.01010781398
12.035078334530347 0.856747987609
13.503579990312783 0.724839033922
15.15126594827368 0.611765889921
17.0 0.515179504405
19.07431372313338 0.432878284344
21.401732000500846 0.362645973285
24.013138258586817 0.303066173061
26.943184271838927 0.252647954546
30.23074997066169 0.210094304228
33.91945935447096 0.174271274284
38.058259355661775 0.144187022025
42.70206933566285 0.118867656983
47.91250983149571 0.0977231952453
53.75872022286244 0.0801132438164
60.318276169707836 0.065481700271
67.67821899409455 0.0533533709807
75.93621066566371 0.0433261819092
85.20182971663627 0.035026953179
95.59802528235934 0.0282007905606
107.26274856163286 0.022607286807
120.35078334530347 0.0180374297199
135.03579990312784 0.0143168966383
151.51265948273672 0.0113028207013
170.0 0.00885073505003
190.7431372313338 0.00688313100786
214.01732000500843 0.00531145231025
240.13138258586827 0.00406137244419
269.4318427183893 0.00307384191395
302.3074997066169 0.00230230271308
339.19459354470956 0.00169511730369
380.5825935566177 0.00122812365923
427.0206933566286 0.000874002241467
479.12509831495714 0.000609531330497
537.5872022286245 0.000415487368706
603.1827616970783 0.000276093039466
676.7821899409453 0.000176420733601
759.3621066566374 0.000108445781075
852.0182971663628 6.35779195212e-05
955.9802528235934 3.55915313985e-05
1072.6274856163286 1.86653576234e-05
1203.5078334530344 9.28305178946e-06
1350.3579990312785 4.45210715773e-06
1515.1265948273674 2.22603903725e-06
1700.0 1.41145706619e-06
