E(GeV) dN/dE (GeV^-1)
2.2660657412294993e-07 0.0
2.54256758032096e-07 0.0
2.8528077464299994e-07 0.0
3.200902938070061e-07 0.0
3.591472166943989e-07 0.0
4.029698049423008e-07 0.0
4.5213955767172477e-07 0.0
5.073089276276009e-07 0.0
5.692099788303084e-07 0.0
6.386641006204368e-07 0.0
7.165929069962944e-07 0.0
8.040304658717344e-07 0.0
9.021370205290887e-07 0.0
1.0122143853426284e-06 0.0
1.1357232200643497e-06 0.0
1.2743024118914473e-06 0.0
1.4297908225037078e-06 0.0
1.6042516886407395e-06 0.0
1.8000000000000001e-06 0.0
2.0196332177435334e-06 0.0
2.266065741229499e-06 0.0
2.5425675803209596e-06 0.0
2.8528077464300056e-06 0.0
3.200902938070061e-06 0.0
3.5914721669439817e-06 0.0
4.029698049423008e-06 0.0
4.521395576717248e-06 0.0
5.0730892762760195e-06 0.0
5.6920997883030825e-06 0.0
6.386641006204356e-06 0.0
7.165929069962944e-06 0.0
8.040304658717343e-06 0.0
9.021370205290906e-06 0.0
1.0122143853426283e-05 0.0
1.1357232200643473e-05 0.0
1.2743024118914471e-05 0.0
1.429790822503708e-05 0.0
1.6042516886407428e-05 0.0
1.8e-05 0.0
2.0196332177435333e-05 0.0
2.2660657412294992e-05 0.0
2.5425675803209598e-05 0.0
2.8528077464300052e-05 0.0
3.200902938070061e-05 0.0
3.591472166943982e-05 0.0120923805536
4.029698049423008e-05 0.0
4.521395576717248e-05 0.0
5.0730892762760186e-05 0.0
5.692099788303082e-05 0.0
6.386641006204355e-05 0.0
7.165929069962945e-05 0.0121210935152
8.040304658717343e-05 0.01620440395
9.021370205290905e-05 0.0192562536298
0.00010122143853426283 0.0214526926406
0.00011357232200643473 0.026767625418
0.00012743024118914474 0.0272647671605
0.0001429790822503708 0.0303746866372
0.00016042516886407426 0.0379000551453
0.00017999999999999998 0.0506676895554
0.00020196332177435336 0.0666612572061
0.0002266065741229499 0.101575197586
0.000254256758032096 0.143479908901
0.0002852807746430005 0.168979797365
0.0003200902938070061 0.20216132465
0.0003591472166943982 0.246684563293
0.0004029698049423008 0.302843408906
0.00045213955767172483 0.368844261072
0.0005073089276276019 0.446871141444
0.0005692099788303082 0.526454566255
0.0006386641006204355 0.624924163549
0.0007165929069962944 0.746659360539
0.0008040304658717343 0.89772397883
0.0009021370205290905 1.0846084857
0.0010122143853426285 1.30603992796
0.0011357232200643473 1.54831593311
0.001274302411891447 1.8284434477
0.001429790822503708 2.14232664852
0.0016042516886407426 2.52035366716
0.0018000000000000002 2.99494300215
0.0020196332177435336 3.50638212904
0.002266065741229499 4.08332294297
0.00254256758032096 4.74184017976
0.0028528077464300052 5.50310873418
0.003200902938070061 6.38314206676
0.0035914721669439817 7.38505865169
0.004029698049423008 8.48662072394
0.004521395576717248 9.67111573595
0.005073089276276019 11.0018476518
0.005692099788303083 12.4908594132
0.006386641006204356 14.1161460486
0.007165929069962945 15.8547539507
0.008040304658717343 17.749601896
0.009021370205290905 19.7709732893
0.010122143853426283 21.8825616957
0.011357232200643472 24.1118945819
0.012743024118914472 26.4235127697
0.014297908225037079 28.7713891778
0.016042516886407426 31.1925304572
0.018000000000000002 33.5336865081
0.020196332177435335 35.8382530701
0.022660657412295015 38.0725113849
0.025425675803209574 40.2113205688
0.028528077464300056 42.2282340423
0.03200902938070061 44.0815617653
0.03591472166943982 45.6765490651
0.04029698049423012 47.0378645955
0.04521395576717243 48.1462019297
0.05073089276276019 48.9733617368
0.05692099788303083 49.5010426884
0.06386641006204356 49.7412638005
0.07165929069962952 49.5872966021
0.08040304658717334 49.120355679
0.09021370205290906 48.3623746491
0.10122143853426284 47.3270297952
0.11357232200643473 46.0293907039
0.12743024118914484 44.4946583813
0.14297908225037065 42.7002089925
0.16042516886407426 40.7293944263
0.18 38.6173664082
0.20196332177435333 36.3987624243
0.22660657412295016 34.1062663145
0.2542567580320957 31.7695656863
0.28528077464300056 29.3780435645
0.3200902938070061 27.0064627161
0.3591472166943982 24.686995158
0.40296980494230117 22.4434739219
0.4521395576717243 20.2936076114
0.5073089276276018 18.2506933942
0.5692099788303083 16.3102491425
0.6386641006204355 14.5080149795
0.7165929069962952 12.8483112478
0.8040304658717334 11.329644993
0.9021370205290904 9.94875162174
1.0122143853426284 8.70266920192
1.1357232200643474 7.57649836606
1.2743024118914485 6.57416347447
1.4297908225037066 5.68629776812
1.6042516886407425 4.9027235207
1.8 4.21343603306
2.0196332177435345 3.60911271734
2.2660657412295016 3.08028070744
2.542567580320957 2.62038536211
2.8528077464300043 2.22199314715
3.2009029380700613 1.87811995233
3.591472166943984 1.58244701024
4.029698049423012 1.32936250547
4.521395576717243 1.11224910084
5.073089276276017 0.927459823407
5.692099788303082 0.770791896568
6.386641006204359 0.638348880991
7.165929069962952 0.526715209682
8.040304658717334 0.432981079383
9.0213702052909 0.354201936298
10.122143853426284 0.288483582596
11.35723220064348 0.233846143753
12.743024118914484 0.188568480392
14.297908225037064 0.151219618056
16.04251688640742 0.12062485744
18.0 0.0954953247027
20.196332177435345 0.0750267719056
22.66065741229501 0.0584781828096
25.425675803209582 0.0451722409047
28.528077464300043 0.0345402926453
32.00902938070061 0.0261198129955
35.914721669439835 0.0194534116451
40.29698049423011 0.0142724925491
45.21395576717244 0.0102950868829
50.73089276276016 0.0072804896981
56.92099788303083 0.00503113554529
63.866410062043585 0.00338607575969
71.6592906996295 0.0021914997681
80.40304658717336 0.00136508599609
90.213702052909 0.000811704045193
101.22143853426283 0.000459967182907
113.57232200643479 0.000240686839866
127.43024118914482 0.000116809078707
142.97908225037068 5.24479714165e-05
160.4251688640742 2.35359342452e-05
180.0 1.36368467318e-05
