E(GeV) dN/dE (GeV^-1)
2.5178508235883323e-07 0.0
2.825075089245511e-07 0.0
3.169786384922222e-07 0.0
3.5565588200778454e-07 0.0
3.9905246299377654e-07 0.0
4.4774422771366755e-07 0.0
5.023772863019163e-07 0.0
5.636765862528898e-07 0.0
6.324555320336759e-07 0.0
7.096267784671521e-07 0.0
7.962143411069937e-07 0.0
8.93367184301927e-07 0.0
1.0023744672545429e-06 0.0
1.1246826503806983e-06 0.0
1.2619146889603885e-06 0.0
1.4158915687682747e-06 0.0
1.5886564694485644e-06 0.0
1.7825018762674882e-06 0.0
2e-06 0.0
2.244036908603926e-06 0.0
2.5178508235883322e-06 0.0
2.825075089245511e-06 0.0
3.1697863849222286e-06 0.0
3.556558820077846e-06 0.0
3.990524629937757e-06 0.0
4.477442277136676e-06 0.0
5.0237728630191645e-06 0.0
5.63676586252891e-06 0.0
6.324555320336758e-06 0.0
7.096267784671507e-06 0.0
7.962143411069938e-06 0.0
8.93367184301927e-06 0.0
1.002374467254545e-05 0.0
1.124682650380698e-05 0.0
1.261914688960386e-05 0.0
1.4158915687682747e-05 0.0
1.5886564694485643e-05 0.0
1.782501876267492e-05 0.0
1.9999999999999998e-05 0.0
2.244036908603926e-05 0.0
2.5178508235883322e-05 0.0
2.825075089245511e-05 0.0
3.169786384922228e-05 0.0
3.556558820077845e-05 0.0
3.990524629937757e-05 0.0108831424982
4.477442277136675e-05 0.0193992219228
5.0237728630191644e-05 0.00864478736888
5.63676586252891e-05 0.0
6.324555320336758e-05 0.0
7.096267784671507e-05 0.00612004077469
7.962143411069939e-05 0.0109089841637
8.93367184301927e-05 0.00972264237
0.0001002374467254545 0.0129979712001
0.00011246826503806981 0.0154459387012
0.00012619146889603859 0.0206493110368
0.00014158915687682746 0.02760557675
0.00015886564694485644 0.0410058269602
0.00017825018762674918 0.0536015065627
0.00019999999999999998 0.0738300619236
0.0002244036908603926 0.10063699475
0.0002517850823588332 0.137988947664
0.0002825075089245511 0.182936883849
0.00031697863849222284 0.215106715024
0.0003556558820077846 0.260096147217
0.00039905246299377575 0.318876075198
0.0004477442277136675 0.392834243936
0.0005023772863019165 0.474598826551
0.000563676586252891 0.563211731716
0.0006324555320336759 0.669512872303
0.0007096267784671505 0.804173357795
0.0007962143411069938 0.955081563534
0.000893367184301927 1.1273403828
0.001002374467254545 1.34182389356
0.0011246826503806982 1.60251614025
0.001261914688960386 1.89388597725
0.0014158915687682747 2.22592967194
0.0015886564694485644 2.62081908712
0.0017825018762674919 3.0893959237
0.002 3.63048472147
0.002244036908603926 4.2397204692
0.0025178508235883324 4.9196509566
0.002825075089245511 5.68641624669
0.003169786384922228 6.55075303103
0.003556558820077846 7.53179829125
0.003990524629937757 8.6442624235
0.0044774422771366755 9.87245802873
0.005023772863019164 11.2348521125
0.00563676586252891 12.7292785575
0.006324555320336759 14.3739263584
0.0070962677846715064 16.1603960684
0.007962143411069938 18.0786412807
0.00893367184301927 20.1650033414
0.010023744672545451 22.336753548
0.011246826503806982 24.5809371531
0.012619146889603859 26.898825022
0.014158915687682747 29.2877379057
0.015886564694485645 31.7286139943
0.017825018762674918 34.1695229388
0.02 36.5100730721
0.02244036908603926 38.779324084
0.02517850823588335 40.9492723851
0.02825075089245508 42.9891838422
0.03169786384922228 44.8692192954
0.03556558820077845 46.5650132363
0.03990524629937758 47.9253001501
0.0447744227713668 49.0336867235
0.05023772863019159 49.8764465162
0.0563676586252891 50.4296933849
0.06324555320336758 50.6719478377
0.07096267784671506 50.5977798271
0.07962143411069947 50.1426438953
0.08933671843019261 49.3903912679
0.10023744672545451 48.3570238176
0.11246826503806982 47.0607285113
0.1261914688960386 45.5244485124
0.1415891568768276 43.7778345942
0.15886564694485628 41.7876659268
0.17825018762674918 39.6561487862
0.2 37.406756546
0.2244036908603926 35.0769180771
0.2517850823588335 32.7034599401
0.2825075089245508 30.3122573325
0.3169786384922228 27.9036554039
0.35565588200778453 25.5373143094
0.3990524629937758 23.2406003678
0.44774422771366795 21.0378926279
0.5023772863019159 18.9466542625
0.563676586252891 16.9757424621
0.6324555320336759 15.1189616561
0.7096267784671506 13.4095093447
0.7962143411069946 11.8421566689
0.8933671843019261 10.4157753781
1.002374467254545 9.12740760713
1.1246826503806981 7.96959697075
1.261914688960386 6.92818731971
1.415891568768276 6.00238790777
1.5886564694485628 5.18363925921
1.7825018762674918 4.46256614084
2.0 3.82976465314
2.244036908603927 3.27626155567
2.517850823588335 2.79279556879
2.825075089245508 2.37295702632
3.1697863849222268 2.00989603843
3.556558820077846 1.69715874309
3.99052462993776 1.4287085832
4.47744227713668 1.19896076326
5.0237728630191585 1.00228442786
5.636765862528907 0.835061861229
6.324555320336758 0.693454995956
7.09626778467151 0.573857128916
7.962143411069947 0.473172551783
8.93367184301926 0.388854602315
10.023744672545444 0.317781592111
11.246826503806982 0.258641432641
12.619146889603867 0.20955843176
14.15891568768276 0.168940148502
15.886564694485628 0.135446647742
17.82501876267491 0.107952678923
20.0 0.0853585175193
22.440369086039272 0.0670253803462
25.178508235883346 0.0522186572547
28.25075089245509 0.0403210109591
31.69786384922227 0.0308189419083
35.56558820077846 0.0232867377597
39.905246299377595 0.0173291842674
44.77442277136679 0.0127031245944
50.237728630191604 0.00914905510568
56.367658625289074 0.0064641682685
63.245553203367585 0.00446928339477
70.9626778467151 0.0030072105555
79.62143411069944 0.00194482642425
89.33671843019263 0.00120928767402
100.23744672545445 0.000717453348989
112.46826503806982 0.000406212741904
126.19146889603866 0.000213472577498
141.5891568768276 0.00010402088048
158.8656469448563 4.68149857796e-05
178.25018762674912 2.12261965988e-05
200.0 1.25076810788e-05
