E(GeV) dN/dE (GeV^-1)
2.5178508235883327e-06 0.0
2.825075089245511e-06 0.0
3.169786384922222e-06 0.0
3.556558820077846e-06 0.0
3.990524629937766e-06 0.0
4.477442277136675e-06 0.0
5.023772863019164e-06 0.0
5.636765862528898e-06 0.0
6.324555320336759e-06 0.0
7.09626778467152e-06 0.0
7.962143411069938e-06 0.0
8.933671843019271e-06 0.0
1.002374467254543e-05 0.0
1.1246826503806982e-05 0.0
1.2619146889603886e-05 0.0
1.4158915687682747e-05 0.0
1.5886564694485643e-05 0.0
1.782501876267488e-05 0.0
2e-05 0.0217147240952
2.244036908603926e-05 0.0
2.5178508235883322e-05 0.0344972369161
2.8250750892455107e-05 0.0461185421467
3.169786384922228e-05 0.0548042586048
3.556558820077846e-05 0.0610554336191
3.990524629937757e-05 0.0652988549894
4.477442277136676e-05 0.0775968876912
5.0237728630191644e-05 0.0605135115821
5.6367658625289104e-05 0.0462280491149
6.324555320336758e-05 0.048067590832
7.096267784671507e-05 0.0673204485216
7.962143411069938e-05 0.0981808574735
8.93367184301927e-05 0.11667170844
0.0001002374467254545 0.142977683201
0.00011246826503806981 0.177628295064
0.00012619146889603859 0.220259317725
0.00014158915687682746 0.260719335972
0.00015886564694485644 0.295241954114
0.00017825018762674918 0.338664064191
0.00019999999999999998 0.423437119856
0.0002244036908603926 0.520602915148
0.0002517850823588332 0.631299435564
0.0002825075089245511 0.750194952253
0.00031697863849222284 0.870017605351
0.00035565588200778454 0.991540241974
0.00039905246299377575 1.15796636181
0.00044774422771366756 1.33466646829
0.0005023772863019165 1.56124859882
0.000563676586252891 1.83756495232
0.0006324555320336759 2.14656127058
0.0007096267784671506 2.50370868093
0.0007962143411069938 2.8848808621
0.000893367184301927 3.3372969935
0.001002374467254545 3.8326684412
0.001124682650380698 4.37853747333
0.001261914688960386 5.00332806421
0.0014158915687682747 5.72601007521
0.0015886564694485644 6.54863056555
0.0017825018762674919 7.47473009016
0.002 8.50934893117
0.002244036908603926 9.65573258089
0.0025178508235883324 10.9075088543
0.002825075089245511 12.2334044898
0.003169786384922228 13.7329881318
0.003556558820077846 15.3765667352
0.003990524629937758 17.1864409704
0.0044774422771366755 19.1566346526
0.005023772863019165 21.2732656531
0.0056367658625289105 23.5551942395
0.006324555320336759 25.9646705397
0.007096267784671506 28.5508470196
0.007962143411069938 31.2604032051
0.00893367184301927 34.0714445629
0.01002374467254545 36.9905362992
0.011246826503806982 40.0416267258
0.012619146889603859 43.1418828232
0.014158915687682747 46.255076235
0.015886564694485645 49.3368441377
0.017825018762674918 52.3864335019
0.02 55.4029036269
0.02244036908603926 58.3215769693
0.025178508235883322 61.0210929665
0.02825075089245511 63.5260627442
0.03169786384922228 65.7830998237
0.03556558820077846 67.778540481
0.03990524629937757 69.5100652128
0.044774422771366756 70.9516260238
0.050237728630191644 71.9323074802
0.0563676586252891 72.5511169764
0.0632455532033676 72.8043266963
0.07096267784671506 72.6896582139
0.07962143411069939 72.2106025038
0.0893367184301927 71.3806311228
0.1002374467254545 70.10896398
0.11246826503806981 68.5092601876
0.12619146889603858 66.6081935209
0.14158915687682747 64.4409768659
0.15886564694485644 62.0430709692
0.17825018762674918 59.4433057383
0.2 56.6163506385
0.2244036908603926 53.6572283774
0.2517850823588335 50.6133041867
0.2825075089245508 47.5261369326
0.31697863849222285 44.4304070771
0.35565588200778453 41.3535558755
0.3990524629937757 38.2791138619
0.447744227713668 35.2818741406
0.5023772863019159 32.3881972752
0.563676586252891 29.618391967
0.6324555320336759 26.9861253853
0.7096267784671506 24.4985391332
0.7962143411069947 22.1481287332
0.8933671843019261 19.9593514684
1.0023744672545452 17.9318095642
1.1246826503806981 16.0630580131
1.261914688960386 14.3478822744
1.415891568768276 12.7782497225
1.5886564694485625 11.342852795
1.7825018762674918 10.0428966802
2.0 8.86873217504
2.2440369086039262 7.81223391996
2.517850823588335 6.86513832873
2.825075089245508 6.01832063353
3.169786384922228 5.25998532099
3.5565588200778455 4.58620856924
3.9905246299377577 3.98927563118
4.47744227713668 3.46197913058
5.0237728630191585 2.99748103734
5.636765862528909 2.58927240181
6.324555320336759 2.23029013839
7.0962677846715065 1.91678850858
7.962143411069947 1.64361098985
8.93367184301926 1.40604473905
10.02374467254545 1.19997811702
11.246826503806982 1.02190589167
12.619146889603861 0.867677751725
14.15891568768276 0.734894070543
15.886564694485628 0.621188606723
17.82501876267492 0.523937013789
20.0 0.440806966521
22.440369086039272 0.36994981784
25.17850823588335 0.309599316394
28.25075089245508 0.258452261012
31.69786384922227 0.215261139724
35.56558820077846 0.178850109088
39.905246299377595 0.148214535702
44.7744227713668 0.122538211554
50.23772863019159 0.100975274611
56.367658625289074 0.0829685616164
63.245553203367585 0.0679589899381
70.9626778467151 0.055488432931
79.62143411069947 0.045168550749
89.3367184301926 0.0366634037923
100.23744672545445 0.029621808787
112.46826503806982 0.0238319018017
126.19146889603866 0.0190944660974
141.58915687682762 0.0152286501543
158.86564694485628 0.0120832253025
178.2501876267491 0.00953634636271
200.0 0.00746487938808
224.40369086039271 0.00579978742051
251.78508235883345 0.00447171123469
282.5075089245509 0.00341702578573
316.9786384922227 0.00258438661164
355.6558820077846 0.00193406762406
399.052462993776 0.00142267050691
447.7442277136679 0.00103058657453
502.377286301916 0.000733396097056
563.6765862528907 0.000511494872236
632.4555320336759 0.000348582735314
709.626778467151 0.000231138027954
796.2143411069944 0.000147375467009
893.3671843019263 9.03564046014e-05
1002.3744672545445 5.29948949114e-05
1124.682650380698 2.98145231781e-05
1261.9146889603865 1.56752361632e-05
1415.8915687682759 7.78201208582e-06
1588.656469448563 3.75722723828e-06
1782.501876267491 1.88847853349e-06
2000.0 1.20234427315e-06
