E(GeV) dN/dE (GeV^-1)
2.5178508235883325e-08 0.0
2.8250750892455108e-08 0.0
3.169786384922222e-08 0.0
3.5565588200778456e-08 0.0
3.990524629937766e-08 0.0
4.4774422771366756e-08 0.0
5.023772863019164e-08 0.0
5.636765862528899e-08 0.0
6.324555320336758e-08 0.0
7.096267784671521e-08 0.0
7.962143411069938e-08 0.0
8.93367184301927e-08 0.0
1.0023744672545429e-07 0.0
1.1246826503806982e-07 0.0
1.2619146889603886e-07 0.0
1.4158915687682748e-07 0.0
1.5886564694485644e-07 0.0
1.7825018762674884e-07 0.0
2e-07 0.0
2.244036908603926e-07 0.0
2.5178508235883323e-07 0.0
2.825075089245511e-07 0.0
3.1697863849222287e-07 0.0
3.5565588200778454e-07 0.0
3.9905246299377574e-07 0.0
4.4774422771366755e-07 0.0
5.023772863019165e-07 0.0
5.63676586252891e-07 0.0
6.324555320336758e-07 0.0
7.096267784671506e-07 0.0
7.962143411069937e-07 0.0
8.93367184301927e-07 0.0
1.002374467254545e-06 0.0
1.124682650380698e-06 0.0
1.261914688960386e-06 0.0
1.4158915687682745e-06 0.0
1.5886564694485644e-06 0.0
1.7825018762674918e-06 0.0
2e-06 0.0
2.244036908603926e-06 0.0
2.5178508235883322e-06 0.0
2.825075089245511e-06 0.0
3.169786384922228e-06 0.0
3.5565588200778454e-06 0.0
3.990524629937757e-06 0.0
4.477442277136675e-06 0.0
5.0237728630191645e-06 0.0
5.636765862528909e-06 0.0
6.324555320336758e-06 0.0
7.096267784671507e-06 0.0
7.962143411069938e-06 0.0
8.93367184301927e-06 0.0
1.002374467254545e-05 0.0
1.124682650380698e-05 0.0
1.261914688960386e-05 0.0
1.4158915687682748e-05 0.0
1.5886564694485643e-05 0.0
1.782501876267492e-05 0.0
1.9999999999999998e-05 0.0
2.244036908603926e-05 0.0
2.5178508235883322e-05 0.0
2.825075089245511e-05 0.0
3.169786384922228e-05 0.0
3.556558820077846e-05 0.0
3.990524629937757e-05 0.0
4.477442277136675e-05 0.0
5.0237728630191644e-05 0.0
5.6367658625289104e-05 0.0
6.324555320336758e-05 0.0
7.096267784671505e-05 0.0
7.962143411069939e-05 0.0
8.93367184301927e-05 0.0
0.0001002374467254545 0.0
0.00011246826503806983 0.0
0.00012619146889603859 0.00344155183946
0.00014158915687682746 0.00306728630555
0.00015886564694485644 0.00273372179735
0.00017825018762674918 0.00243643211648
0.0002 0.00434294481903
0.0002244036908603926 0.00967663411056
0.0002517850823588332 0.00862430922902
0.0002825075089245511 0.00922370842934
0.00031697863849222284 0.010960851721
0.0003556558820077846 0.0146533040686
0.0003990524629937757 0.0239429134961
0.0004477442277136676 0.0387984438456
0.0005023772863019165 0.0432239368444
0.000563676586252891 0.0531622564821
0.0006324555320336759 0.0700413466409
0.0007096267784671506 0.0948606320077
0.0007962143411069939 0.125453317883
0.000893367184301927 0.166743316646
0.001002374467254545 0.217932650455
0.0011246826503806982 0.287680608311
0.001261914688960386 0.37237590903
0.0014158915687682745 0.4748159201
0.0015886564694485644 0.604425889394
0.0017825018762674919 0.769425262386
0.002 0.958705068801
0.002244036908603926 1.18461354782
0.002517850823588335 1.46164792813
0.0028250750892455084 1.79370383256
0.0031697863849222286 2.18175753506
0.0035565588200778455 2.65200381468
0.003990524629937758 3.18636646063
0.00447744227713668 3.82116173824
0.005023772863019159 4.5357470367
0.00563676586252891 5.34727548786
0.006324555320336759 6.28930092043
0.0070962677846715064 7.34264132025
0.007962143411069947 8.50764402468
0.008933671843019261 9.78472144154
0.010023744672545451 11.1623977072
0.011246826503806982 12.6377512008
0.01261914688960386 14.2101675451
0.01415891568768276 15.8667346571
0.015886564694485628 17.5132333109
0.017825018762674918 19.1732588975
0.02 20.8433556467
0.02244036908603926 22.4900072279
0.02517850823588335 24.0747074669
0.02825075089245508 25.5944688265
0.03169786384922228 26.9554608937
0.03556558820077846 28.1568244223
0.03990524629937758 29.1967723034
0.0447744227713668 30.0627026246
0.05023772863019159 30.7340172121
0.0563676586252891 31.1869212305
0.06324555320336758 31.3464828124
0.07096267784671506 31.2532795446
0.07962143411069947 30.9297846221
0.08933671843019261 30.3840011884
0.1002374467254545 29.6239924461
0.11246826503806982 28.6714850993
0.1261914688960386 27.4936800497
0.1415891568768276 26.1674519601
0.15886564694485628 24.7265245919
0.17825018762674918 23.1938055746
0.2 21.5921748783
0.22440369086039272 19.9519383496
0.2517850823588335 18.2622990665
0.2825075089245508 16.5806766282
0.3169786384922227 14.9381077465
0.3556558820077846 13.3534216757
0.39905246299377595 11.8417492791
0.44774422771366795 10.4191426519
0.5023772863019159 9.07698783578
0.5636765862528907 7.85084563238
0.6324555320336758 6.74335081683
0.709626778467151 5.75128016583
0.7962143411069946 4.87099233691
0.893367184301926 4.10038101057
1.0023744672545445 3.42573965705
1.1246826503806981 2.84626598696
1.2619146889603865 2.35101285357
1.415891568768276 1.93060858588
1.5886564694485628 1.57591953941
1.782501876267491 1.27779047814
2.0 1.02738504961
2.244036908603927 0.82000455464
2.5178508235883346 0.649134679536
2.8250750892455088 0.509304278515
3.1697863849222268 0.395723877012
3.556558820077846 0.304148741571
3.9905246299377595 0.230075400478
4.477442277136679 0.171533643012
5.02377286301916 0.125815197992
5.636765862528907 0.0905948028789
6.324555320336759 0.0638635625312
7.096267784671509 0.043906580127
7.962143411069944 0.0290556429607
8.933671843019264 0.0185464750661
10.023744672545444 0.0113228359984
11.246826503806982 0.00659738518261
12.619146889603865 0.00354861851719
14.158915687682757 0.00173991815683
15.88656469448563 0.000762352997627
17.82501876267491 0.000319659893683
20.0 0.000173739507485
