E(GeV) dN/dE (GeV^-1)
2.7696359059471656e-07 0.0
3.107582598170062e-07 0.0
3.486765023414444e-07 0.0
3.9122147020856303e-07 0.0
4.389577092931542e-07 0.0
4.925186504850343e-07 0.0
5.52615014932108e-07 0.0
6.200442448781789e-07 0.0
6.957010852370435e-07 0.0
7.805894563138673e-07 0.0
8.758357752176932e-07 0.0
9.827039027321197e-07 0.0
1.1026119139799972e-06 0.0
1.237150915418768e-06 0.0
1.3881061578564275e-06 0.0
1.5574807256451022e-06 0.0
1.747522116393421e-06 0.0
1.960752063894237e-06 0.0
2.2e-06 0.0
2.468440599464319e-06 0.0
2.7696359059471656e-06 0.0
3.107582598170062e-06 0.0
3.4867650234144516e-06 0.0
3.9122147020856306e-06 0.0
4.389577092931533e-06 0.0
4.925186504850343e-06 0.0
5.526150149321081e-06 0.0
6.200442448781801e-06 0.0
6.957010852370434e-06 0.0
7.805894563138657e-06 0.0
8.758357752176932e-06 0.0
9.827039027321196e-06 0.0
1.1026119139799994e-05 0.0
1.2371509154187679e-05 0.0
1.3881061578564245e-05 0.0
1.557480725645102e-05 0.0
1.7475221163934207e-05 0.0
1.960752063894241e-05 0.0
2.2e-05 0.0
2.4684405994643188e-05 0.0
2.7696359059471656e-05 0.0
3.107582598170062e-05 0.0
3.486765023414451e-05 0.0
3.91221470208563e-05 0.0111009879307
4.389577092931533e-05 0.0
4.925186504850343e-05 0.00881782814672
5.526150149321081e-05 0.0157177952161
6.200442448781801e-05 0.0140084997318
6.957010852370435e-05 0.0124850885278
7.805894563138657e-05 0.0111273468631
8.758357752176932e-05 0.00991725833066
9.827039027321196e-05 0.0132581486864
0.00011026119139799995 0.0196938957577
0.0001237150915418768 0.0245730842974
0.00013881061578564246 0.037544201885
0.00015574807256451021 0.0557688419192
0.0001747522116393421 0.0745560490186
0.00019607520638942411 0.0885975315085
0.00021999999999999998 0.114495817956
0.00024684405994643185 0.151307369729
0.00027696359059471655 0.189734803038
0.0003107582598170062 0.233387773894
0.0003486765023414451 0.275266844356
0.00039122147020856303 0.32858924275
0.0004389577092931533 0.39674001289
0.0004925186504850343 0.48321698244
0.0005526150149321081 0.586273761562
0.0006200442448781802 0.698323711629
0.0006957010852370434 0.83337965923
0.0007805894563138656 0.993672074873
0.0008758357752176933 1.17817028968
0.0009827039027321197 1.39210561207
0.0011026119139799994 1.64601580743
0.0012371509154187681 1.95110289322
0.0013881061578564246 2.27330142414
0.0015574807256451021 2.66296220164
0.0017475221163934208 3.13185109911
0.001960752063894241 3.67458261932
0.0022 4.27523436117
0.0024684405994643186 4.93050898754
0.0027696359059471653 5.72026910317
0.003107582598170062 6.62499845595
0.003486765023414451 7.63647521605
0.003912214702085631 8.75057575617
0.004389577092931533 9.97222347113
0.004925186504850344 11.3205041313
0.005526150149321081 12.8277642097
0.0062004424487818 14.4803060027
0.006957010852370435 16.2826154798
0.007805894563138657 18.2211417618
0.008758357752176933 20.2769255554
0.009827039027321197 22.4510838225
0.011026119139799995 24.7244257145
0.01237150915418768 27.0675331889
0.013881061578564245 29.4631252976
0.015574807256451021 31.8945074222
0.01747522116393421 34.3424546353
0.01960752063894241 36.7808443675
0.022000000000000002 39.1044673703
0.024684405994643187 41.3226760526
0.027696359059471685 43.4068539749
0.03107582598170059 45.3251774439
0.03486765023414451 47.0423688252
0.0391221470208563 48.5198317151
0.043895770929315334 49.7077540903
0.04925186504850348 50.5962746501
0.05526150149321075 51.1919945402
0.06200442448781801 51.4831276617
0.06957010852370435 51.457105091
0.07805894563138657 51.1194654555
0.08758357752176942 50.407936506
0.09827039027321187 49.409690713
0.11026119139799996 48.1419999556
0.1237150915418768 46.6238748885
0.13881061578564247 44.8813056965
0.15574807256451037 42.9512073482
0.17475221163934188 40.8012426765
0.1960752063894241 38.5377046231
0.22 36.1844686806
0.24684405994643188 33.7807883587
0.27696359059471687 31.3625890337
0.3107582598170059 28.9498163728
0.3486765023414451 26.5396099161
0.391221470208563 24.195726615
0.43895770929315336 21.942379189
0.4925186504850348 19.7946468446
0.5526150149321075 17.7656903315
0.6200442448781801 15.8705424361
0.6957010852370434 14.097522729
0.7805894563138657 12.4692965493
0.8758357752176942 10.986446381
0.9827039027321187 9.64420318493
1.1026119139799995 8.43570694154
1.237150915418768 7.35383985023
1.3881061578564247 6.38410400453
1.5574807256451038 5.5229741255
1.747522116393419 4.76296423308
1.960752063894241 4.09529397802
2.2 3.5108363943
2.4684405994643197 3.00071121821
2.7696359059471685 2.55396357687
3.1075825981700587 2.16748120036
3.4867650234144496 1.83439556395
3.9122147020856306 1.54792630847
4.389577092931535 1.30202889357
4.925186504850347 1.09159924376
5.526150149321075 0.911719434888
6.200442448781798 0.759224823703
6.957010852370434 0.630058993748
7.805894563138661 0.521073123643
8.758357752176941 0.429463004278
9.827039027321186 0.352570898642
11.026119139799988 0.288087112455
12.371509154187681 0.234278557037
13.881061578564253 0.189635826295
15.574807256451036 0.152756574323
17.47522116393419 0.12241094257
19.6075206389424 0.0975526820514
22.0 0.0771252910457
24.6844059946432 0.0605440781417
27.696359059471682 0.0471433437887
31.0758259817006 0.0363736662405
34.8676502341445 0.0277856594685
39.1221470208563 0.0210083976392
43.895770929315354 0.015619169513
49.25186504850347 0.0114346685523
55.261501493210766 0.00823143293138
62.004424487817985 0.00581384958418
69.57010852370435 0.00401574132934
78.0589456313866 0.00269989493347
87.58357752176939 0.00174392012567
98.27039027321189 0.00108334100669
110.2611913979999 0.000643056900619
123.7150915418768 0.000364295974709
138.8106157856425 0.000191403469893
155.74807256451035 9.27658916483e-05
174.75221163934194 4.19278367664e-05
196.075206389424 1.90285348297e-05
220.0 1.11514978558e-05
