E(GeV) dN/dE (GeV^-1)
3.021420988305999e-07 0.0
3.390090107094613e-07 0.0
3.803743661906666e-07 0.0
4.267870584093415e-07 0.0
4.788629555925319e-07 0.0
5.372930732564011e-07 0.0
6.028527435622997e-07 0.0
6.764119035034679e-07 0.0
7.589466384404111e-07 0.0
8.515521341605824e-07 0.0
9.554572093283927e-07 0.0
1.0720406211623124e-06 0.0
1.2028493607054515e-06 0.0
1.3496191804568378e-06 0.0
1.5142976267524663e-06 0.0
1.6990698825219296e-06 0.0
1.9063877633382773e-06 0.0
2.139002251520986e-06 0.0
2.4e-06 0.0
2.692844290324711e-06 0.0
3.0214209883059986e-06 0.0
3.390090107094613e-06 0.0
3.8037436619066742e-06 0.0
4.2678705840934145e-06 0.0
4.788629555925309e-06 0.0
5.37293073256401e-06 0.0
6.028527435622997e-06 0.0
6.764119035034692e-06 0.0
7.58946638440411e-06 0.0
8.515521341605807e-06 0.0
9.554572093283925e-06 0.0
1.0720406211623123e-05 0.0
1.202849360705454e-05 0.0
1.3496191804568377e-05 0.0
1.5142976267524631e-05 0.0
1.6990698825219295e-05 0.0
1.9063877633382774e-05 0.0
2.13900225152099e-05 0.0
2.4e-05 0.0
2.692844290324711e-05 0.0
3.0214209883059987e-05 0.0
3.390090107094613e-05 0.0
3.8037436619066736e-05 0.0
4.267870584093414e-05 0.0
4.788629555925309e-05 0.0
5.372930732564011e-05 0.0080830091345
6.028527435622998e-05 0.0144079789481
6.764119035034692e-05 0.0128411247541
7.58946638440411e-05 0.0171669967257
8.515521341605808e-05 0.0204001359156
9.554572093283926e-05 0.0272724604093
0.00010720406211623124 0.0283577069125
0.00012028493607054539 0.0361054755559
0.00013496191804568376 0.0450506545453
0.00015142976267524632 0.0602271571905
0.00016990698825219297 0.0817943014814
0.00019063877633382774 0.100236465903
0.00021390022515209903 0.129943046213
0.00023999999999999998 0.161050870372
0.0002692844290324711 0.193532682211
0.0003021420988305999 0.232856349183
0.0003390090107094613 0.269024829189
0.00038037436619066736 0.33795959473
0.00042678705840934147 0.410088995808
0.00047886295559253087 0.490648340962
0.000537293073256401 0.588443064991
0.0006028527435622997 0.711754160037
0.0006764119035034692 0.842377783871
0.000758946638440411 0.989391244625
0.0008515521341605808 1.17708784233
0.0009554572093283926 1.39589543195
0.0010720406211623124 1.64798788172
0.001202849360705454 1.94427985868
0.0013496191804568379 2.29500905869
0.001514297626752463 2.6924407224
0.0016990698825219296 3.13553342585
0.0019063877633382772 3.64860735886
0.0021390022515209903 4.25035582721
0.0024000000000000002 4.94625223681
0.002692844290324711 5.71985842275
0.0030214209883059986 6.58451635787
0.0033900901070946132 7.57702026058
0.003803743661906674 8.69412474996
0.004267870584093415 9.93789117112
0.004788629555925308 11.316110184
0.005372930732564011 12.8375159375
0.006028527435622997 14.5001900134
0.006764119035034692 16.257505995
0.0075894663844041105 18.1694348878
0.008515521341605808 20.2339768086
0.009554572093283926 22.4173715531
0.010720406211623124 24.7223299083
0.01202849360705454 27.0669752271
0.013496191804568378 29.4901262863
0.01514297626752463 31.9645312133
0.016990698825219294 34.4394139566
0.019063877633382773 36.8752644485
0.0213900225152099 39.2953659791
0.024 41.5254830861
0.026928442903247113 43.6354429205
0.03021420988306002 45.5900821757
0.0339009010709461 47.3595280623
0.03803743661906674 48.9152327438
0.042678705840934146 50.2248204253
0.04788629555925309 51.1984560444
0.05372930732564016 51.8663659585
0.060285274356229906 52.2330443689
0.06764119035034692 52.2856635213
0.0758946638440411 52.012229062
0.08515521341605808 51.420291887
0.09554572093283936 50.4563062806
0.10720406211623112 49.2248673326
0.12028493607054541 47.7452526398
0.13496191804568378 46.0392943772
0.15142976267524633 44.1324446134
0.16990698825219314 42.0544378638
0.1906387763338275 39.7867829554
0.21390022515209903 37.4295381429
0.24 35.0070938726
0.26928442903247113 32.5522568205
0.30214209883060017 30.099304922
0.33900901070946093 27.6788283656
0.3803743661906674 25.2793925286
0.42678705840934145 22.9651313159
0.47886295559253095 20.7597367032
0.5372930732564016 18.6739900942
0.602852743562299 16.7157928249
0.6764119035034691 14.8956578447
0.7589466384404111 13.2026456334
0.8515521341605807 11.6551923126
0.9554572093283936 10.2513801439
1.0720406211623112 8.9849097378
1.202849360705454 7.84731786664
1.3496191804568378 6.82940474186
1.5142976267524633 5.92109443673
1.6990698825219313 5.11630666132
1.9063877633382753 4.40804096942
2.1390022515209903 3.78702887127
2.4 3.24360976831
2.6928442903247127 2.76875967416
3.021420988306002 2.35555125523
3.3900901070946095 1.99764630318
3.8037436619066725 1.68906039967
4.267870584093415 1.42394693219
4.788629555925311 1.19686679428
5.372930732564016 1.00291204869
6.0285274356229905 0.837152419935
6.764119035034689 0.696633072491
7.58946638440411 0.577836303028
8.515521341605812 0.477595537974
9.554572093283936 0.393215925075
10.720406211623112 0.322464438235
12.028493607054532 0.263280369538
13.49619180456838 0.214059086085
15.14297626752464 0.173249268297
16.99069882521931 0.139540388188
19.063877633382752 0.111801248156
21.390022515209893 0.089049786837
24.0 0.0703446677502
26.928442903247127 0.0551809415046
30.214209883060015 0.0429441872258
33.900901070946105 0.033120018232
38.037436619066725 0.0252859884495
42.67870584093415 0.0190952700307
47.886295559253114 0.014203416958
53.72930732564015 0.0103953559726
60.28527435622992 0.00747818051743
67.64119035034689 0.00527421590858
75.8946638440411 0.00363698848165
85.15521341605812 0.0024481693109
95.54572093283933 0.00158136179896
107.20406211623116 0.000981670893493
120.28493607054534 0.000582200793338
134.96191804568377 0.000329223747609
151.42976267524637 0.000172289821003
169.9069882521931 8.37471404293e-05
190.63877633382756 3.77572542244e-05
213.90022515209893 1.7276334066e-05
240.0 1.02222063678e-05
