E(GeV) dN/dE (GeV^-1)
3.1473135294854157e-06 0.0
3.5313438615568887e-06 0.0
3.962232981152778e-06 0.0
4.445698525097307e-06 0.0
4.988155787422207e-06 0.0
5.596802846420844e-06 0.0
6.279716078773955e-06 0.0
7.045957328161124e-06 0.0
7.905694150420949e-06 0.0
8.8703347308394e-06 0.0
9.952679263837422e-06 0.0
1.1167089803774087e-05 0.0
1.2529680840681787e-05 0.0
1.4058533129758727e-05 0.061783754805
1.5773933612004857e-05 0.0275324147157
1.7698644609603433e-05 0.0
1.9858205868107055e-05 0.0
2.2281273453343603e-05 0.0
2.5e-05 0.0
2.8050461357549075e-05 0.0
3.147313529485415e-05 0.0137988947664
3.5313438615568886e-05 0.0245965558116
3.9622329811527855e-05 0.0438434068839
4.445698525097307e-05 0.0488443468953
4.988155787422197e-05 0.0609455979901
5.5968028464208445e-05 0.0853565764603
6.279716078773956e-05 0.0899057886363
7.045957328161138e-05 0.0986198381117
7.905694150420948e-05 0.109868779045
8.870334730839383e-05 0.127296848114
9.952679263837423e-05 0.165816559289
0.00011167089803774087 0.198341904348
0.00012529680840681813 0.232230418775
0.00014058533129758727 0.293472835324
0.00015773933612004825 0.360674632775
0.00017698644609603431 0.422058595644
0.00019858205868107055 0.47457410402
0.00022281273453343648 0.58084541657
0.00025 0.660127612493
0.00028050461357549076 0.784968559049
0.00031473135294854155 0.930045507257
0.00035313438615568887 1.08839759466
0.0003962232981152785 1.26159403308
0.0004445698525097307 1.43309313791
0.0004988155787422197 1.69951153252
0.0005596802846420844 1.99268807591
0.0006279716078773956 2.32441042774
0.0007045957328161137 2.68800696253
0.0007905694150420948 3.08291793999
0.0008870334730839383 3.5550092852
0.0009952679263837423 4.13755951362
0.0011167089803774087 4.73726026836
0.0012529680840681812 5.40091699307
0.0014058533129758725 6.14315874026
0.0015773933612004824 6.96570092307
0.0017698644609603434 7.90672794701
0.0019858205868107056 8.95589130586
0.0022281273453343647 10.1195746099
0.0025 11.4073525795
0.0028050461357549076 12.8288944384
0.0031473135294854153 14.3970768546
0.0035313438615568885 16.1278386629
0.003962232981152785 18.0028701261
0.004445698525097307 20.0406401537
0.004988155787422197 22.2223321997
0.005596802846420844 24.5576302258
0.0062797160787739555 27.0665526188
0.007045957328161137 29.7440513615
0.007905694150420948 32.5076996718
0.008870334730839383 35.4064922153
0.009952679263837423 38.4182568013
0.011167089803774087 41.5198053203
0.012529680840681812 44.6862970996
0.014058533129758728 47.8889899437
0.015773933612004826 51.0329826204
0.017698644609603433 54.1468787668
0.019858205868107055 57.2015758556
0.022281273453343648 60.138746303
0.025 62.907607819
0.028050461357549076 65.5138010731
0.031473135294854154 67.8209882234
0.03531343861556889 69.8609087681
0.03962232981152785 71.614489416
0.04445698525097307 73.0513316882
0.049881557874221966 74.1405202048
0.055968028464208446 74.8631105394
0.06279716078773956 75.1155464118
0.07045957328161137 74.9728349667
0.07905694150420949 74.4691023839
0.08870334730839384 73.6214907262
0.09952679263837423 72.429009094
0.11167089803774087 70.8730109924
0.12529680840681812 68.9280922308
0.14058533129758727 66.7132458226
0.15773933612004823 64.2629246174
0.17698644609603434 61.6097090397
0.19858205868107054 58.7879633625
0.22281273453343647 55.8364964209
0.25 52.7169590255
0.2805046135754908 49.5516372819
0.3147313529485419 46.3709278233
0.35313438615568854 43.2047824925
0.39622329811527857 40.0811405662
0.4445698525097307 37.0247876642
0.4988155787422197 34.0383428468
0.559680284642085 31.177812579
0.6279716078773949 28.4516142267
0.7045957328161138 25.8718475852
0.7905694150420949 23.4488205264
0.8870334730839383 21.1877975666
0.9952679263837434 19.0670406273
1.1167089803774075 17.1136924286
1.2529680840681814 15.3166570993
1.4058533129758728 13.6693165578
1.5773933612004825 12.1660726976
1.769864460960345 10.8003619241
1.9858205868107033 9.55676576259
2.228127345334365 8.43635222803
2.5 7.42971195812
2.8050461357549077 6.52794794428
3.1473135294854186 5.72249618207
3.531343861556885 5.00505783044
3.962232981152785 4.36452818164
4.445698525097307 3.79654360042
4.988155787422198 3.29542599628
5.59680284642085 2.85419394204
6.279716078773949 2.46627028193
7.045957328161137 2.12623859378
7.905694150420948 1.82793818568
8.870334730839383 1.56802186485
9.952679263837434 1.34215112875
11.167089803774076 1.14632053633
12.529680840681811 0.976879336253
14.058533129758727 0.830535445341
15.773933612004825 0.704175371224
17.698644609603452 0.595688864155
19.858205868107035 0.502800743848
22.281273453343648 0.423432001068
25.0 0.355765353686
28.05046135754909 0.298249268489
31.47313529485419 0.249242743702
35.31343861556885 0.207831476127
39.622329811527834 0.172913541093
44.45698525097308 0.14350727016
49.881557874222 0.118787254088
55.968028464208494 0.0980790672979
62.797160787739486 0.080696911602
70.45957328161134 0.0662340694742
79.05694150420948 0.0542104641372
88.70334730839387 0.044230636286
99.52679263837433 0.0359710225658
111.67089803774076 0.0291658814661
125.29680840681804 0.0235468334716
140.5853312975873 0.018932019104
157.73933612004834 0.0151533482293
176.9864460960345 0.0120742743887
198.58205868107035 0.0095747556203
222.81273453343638 0.0075472363608
250.0 0.00590176668882
280.5046135754909 0.00458343451281
314.7313529485418 0.00353099504211
353.1343861556886 0.00269564477624
396.22329811527834 0.00203706004323
444.5698525097307 0.0015214779605
498.81557874221994 0.00111822373736
559.6802846420849 0.00080949383627
627.9716078773951 0.000575594840007
704.5957328161135 0.000400948813827
790.5694150420949 0.000272829997531
887.0334730839387 0.000180739492175
995.267926383743 0.000115271744783
1116.708980377408 7.07384457329e-05
1252.9680840681806 4.14399584739e-05
1405.8533129758728 2.32174082994e-05
1577.393361200483 1.2200438933e-05
1769.8644609603448 6.10610819419e-06
1985.8205868107036 2.99025425081e-06
2228.127345334364 1.52774039432e-06
2500.0 9.87411934055e-07
