E(GeV) dN/dE (GeV^-1)
3.1473135294854154e-08 0.0
3.5313438615568887e-08 0.0
3.962232981152777e-08 0.0
4.445698525097307e-08 0.0
4.988155787422207e-08 0.0
5.5968028464208444e-08 0.0
6.279716078773954e-08 0.0
7.045957328161123e-08 0.0
7.905694150420949e-08 0.0
8.870334730839401e-08 0.0
9.952679263837422e-08 0.0
1.1167089803774087e-07 0.0
1.2529680840681786e-07 0.0
1.4058533129758729e-07 0.0
1.5773933612004856e-07 0.0
1.7698644609603434e-07 0.0
1.9858205868107055e-07 0.0
2.2281273453343603e-07 0.0
2.5e-07 0.0
2.8050461357549076e-07 0.0
3.1473135294854153e-07 0.0
3.5313438615568885e-07 0.0
3.9622329811527857e-07 0.0
4.445698525097307e-07 0.0
4.988155787422197e-07 0.0
5.596802846420845e-07 0.0
6.279716078773956e-07 0.0
7.045957328161138e-07 0.0
7.905694150420948e-07 0.0
8.870334730839383e-07 0.0
9.952679263837423e-07 0.0
1.1167089803774087e-06 0.0
1.2529680840681812e-06 0.0
1.4058533129758726e-06 0.0
1.5773933612004824e-06 0.0
1.7698644609603433e-06 0.0
1.9858205868107054e-06 0.0
2.228127345334365e-06 0.0
2.4999999999999998e-06 0.0
2.8050461357549075e-06 0.0
3.1473135294854153e-06 0.0
3.5313438615568887e-06 0.0
3.962232981152785e-06 0.0
4.445698525097306e-06 0.0
4.9881557874221966e-06 0.0
5.596802846420844e-06 0.0
6.2797160787739555e-06 0.0
7.045957328161137e-06 0.0
7.905694150420947e-06 0.0
8.870334730839383e-06 0.0
9.952679263837424e-06 0.0
1.1167089803774087e-05 0.0
1.2529680840681813e-05 0.0
1.4058533129758727e-05 0.0
1.5773933612004823e-05 0.0
1.7698644609603433e-05 0.0
1.9858205868107055e-05 0.0
2.2281273453343647e-05 0.0
2.4999999999999998e-05 0.0
2.8050461357549075e-05 0.0
3.147313529485415e-05 0.0
3.5313438615568886e-05 0.0
3.9622329811527855e-05 0.010960851721
4.4456985250973074e-05 0.0
4.988155787422197e-05 0.0
5.596802846420844e-05 0.0
6.279716078773956e-05 0.0
7.045957328161138e-05 0.0
7.905694150420948e-05 0.0
8.870334730839382e-05 0.0
9.952679263837423e-05 0.0
0.00011167089803774087 0.0
0.00012529680840681813 0.0
0.00014058533129758727 0.0
0.00015773933612004825 0.0
0.00017698644609603434 0.00245382904444
0.00019858205868107055 0.00437395487576
0.00022281273453343648 0.00779658277275
0.00025 0.0104230675657
0.00028050461357549076 0.0170308760346
0.00031473135294854155 0.019318452673
0.00035313438615568887 0.0245965558116
0.0003962232981152785 0.0306903848187
0.00044456985250973074 0.0429830252678
0.0004988155787422196 0.0626869007898
0.0005596802846420844 0.0822527009526
0.0006279716078773955 0.107195363374
0.0007045957328161137 0.134985903415
0.0007905694150420948 0.169747263624
0.0008870334730839383 0.216404641793
0.0009952679263837423 0.275779119659
0.0011167089803774087 0.357404333521
0.0012529680840681814 0.452329397764
0.0014058533129758727 0.56717486911
0.0015773933612004824 0.712814216989
0.0017698644609603434 0.901536790928
0.0019858205868107056 1.135259988
0.0022281273453343647 1.3887663064
0.0025 1.68645233213
0.0028050461357549076 2.04680164707
0.0031473135294854187 2.47138205267
0.003531343861556885 2.96462287197
0.003962232981152785 3.53903980366
0.0044456985250973064 4.22317992126
0.004988155787422197 5.00302413901
0.00559680284642085 5.88836222556
0.006279716078773949 6.87281343315
0.007045957328161137 7.96681870966
0.007905694150420948 9.18772171321
0.008870334730839383 10.5318557684
0.009952679263837434 11.9763191743
0.011167089803774077 13.5318569789
0.012529680840681814 15.1705040984
0.014058533129758728 16.8655440354
0.015773933612004826 18.5980910756
0.01769864460960345 20.3645480844
0.019858205868107034 22.090374793
0.022281273453343648 23.7879198005
0.025 25.4313988995
0.028050461357549076 26.9901607569
0.03147313529485419 28.4367485358
0.03531343861556885 29.7579462762
0.03962232981152785 30.8374904096
0.044456985250973066 31.7288188374
0.04988155787422197 32.4026152359
0.055968028464208494 32.8496646833
0.06279716078773949 33.0646311393
0.07045957328161137 33.0279193859
0.07905694150420949 32.6789631245
0.08870334730839383 32.1094108245
0.09952679263837433 31.3156703007
0.11167089803774076 30.3205541411
0.12529680840681812 29.1515517208
0.14058533129758727 27.8221824369
0.15773933612004826 26.3154241672
0.1769864460960345 24.711400722
0.19858205868107034 23.0388603468
0.22281273453343647 21.3218119408
0.25 19.5862398906
0.2805046135754909 17.8638561814
0.3147313529485419 16.1392880507
0.3531343861556885 14.469696288
0.39622329811527834 12.8740946949
0.44456985250973075 11.3671755897
0.49881557874222 9.9617547587
0.559680284642085 8.66962712069
0.6279716078773948 7.48122941868
0.7045957328161134 6.41261937094
0.7905694150420948 5.462774576
0.8870334730839388 4.62780494149
0.9952679263837434 3.89992212983
1.1167089803774075 3.2679947765
1.2529680840681805 2.72095057801
1.4058533129758728 2.25324643261
1.5773933612004833 1.85575248158
1.769864460960345 1.5196035699
1.9858205868107035 1.23692688295
2.228127345334364 1.00097168603
2.5 0.803118723224
2.805046135754909 0.639624585751
3.147313529485418 0.50514855972
3.5313438615568864 0.395424807746
3.9622329811527837 0.306606261063
4.445698525097307 0.235119688121
4.988155787422199 0.177535745857
5.596802846420848 0.132099312071
6.2797160787739505 0.0966845467829
7.045957328161134 0.0694516649674
7.905694150420948 0.0488294209459
8.870334730839387 0.033489744405
9.95267926383743 0.0221236816996
11.16708980377408 0.0140685857283
12.529680840681806 0.00855148656695
14.058533129758727 0.00496244029406
15.773933612004832 0.00265550139933
17.69864460960345 0.00130313045234
19.85820586810704 0.000572047688426
22.28127345334364 0.000240115257944
25.0 0.000131017959301
