E(GeV) dN/dE (GeV^-1)
3.273206070664832e-07 0.0
3.6725976160191644e-07 0.0
4.1207223003988885e-07 0.0
4.623526466101199e-07 0.0
5.187682018919096e-07 0.0
5.820674960277678e-07 0.0
6.530904721924913e-07 0.0
7.327795621287568e-07 0.0
8.221921916437787e-07 0.0
9.225148120072977e-07 0.0
1.035078643439092e-06 0.0
1.1613773395925051e-06 0.0
1.3030868074309057e-06 0.0
1.4620874454949076e-06 0.0
1.640489095648505e-06 0.0
1.840659039398757e-06 0.0
2.0652534102831336e-06 0.0
2.3172524391477346e-06 0.0
2.6e-06 0.0
2.917247981185104e-06 0.0
3.273206070664832e-06 0.0
3.672597616019164e-06 0.0
4.120722300398897e-06 0.0
4.623526466101199e-06 0.0
5.187682018919084e-06 0.0
5.820674960277678e-06 0.0
6.5309047219249135e-06 0.0
7.327795621287583e-06 0.0
8.221921916437786e-06 0.0
9.225148120072958e-06 0.0
1.0350786434390919e-05 0.0
1.161377339592505e-05 0.0
1.3030868074309086e-05 0.0
1.4620874454949075e-05 0.0
1.6404890956485015e-05 0.0
1.840659039398757e-05 0.0
2.0652534102831337e-05 0.0
2.3172524391477393e-05 0.0
2.6e-05 0.0
2.917247981185104e-05 0.0148871294009
3.273206070664832e-05 0.0132681680446
3.6725976160191645e-05 0.0
4.1207223003988967e-05 0.0
4.623526466101199e-05 0.0
5.1876820189190846e-05 0.0
5.820674960277678e-05 0.00746123920107
6.530904721924913e-05 0.0199495093128
7.327795621287583e-05 0.0355600377807
8.221921916437786e-05 0.0422572227094
9.225148120072958e-05 0.0517849604012
0.0001035078643439092 0.0461533945388
0.0001161377339592505 0.0411342561808
0.00013030868074309084 0.0399937575388
0.00014620874454949074 0.0475259652346
0.00016404890956485017 0.0741257319268
0.00018406590393987572 0.101456393184
0.00020652534102831338 0.134583226946
0.00023172524391477394 0.174298605256
0.00026 0.208795423992
0.0002917247981185104 0.235216644534
0.0003273206070664832 0.265363360893
0.0003672597616019164 0.316917161418
0.0004120722300398897 0.403654443185
0.00046235264661011996 0.481868268409
0.0005187682018919084 0.572620728369
0.0005820674960277678 0.69464136962
0.0006530904721924914 0.847854145794
0.0007327795621287583 0.993903055969
0.0008221921916437786 1.17158149962
0.0009225148120072958 1.38218767035
0.001035078643439092 1.63970423507
0.001161377339592505 1.93667557055
0.0013030868074309085 2.26231355144
0.0014620874454949076 2.64897848726
0.0016404890956485017 3.09289616465
0.001840659039398757 3.59438765991
0.002065253410283134 4.18511778545
0.0023172524391477396 4.8777370972
0.0026000000000000003 5.66637373446
0.0029172479811851036 6.53857610416
0.003273206070664832 7.52849123021
0.003672597616019164 8.63445536391
0.004120722300398897 9.85327873312
0.0046235264661011995 11.1915549138
0.005187682018919084 12.6638757604
0.005820674960277678 14.2844678381
0.006530904721924914 16.0624804199
0.007327795621287583 17.9719838276
0.008221921916437787 20.0234793378
0.00922514812007296 22.2120759877
0.01035078643439092 24.5061937712
0.01161377339592505 26.8336328613
0.013030868074309086 29.2463017317
0.014620874454949076 31.7375425464
0.016404890956485015 34.2421436023
0.01840659039398757 36.7071354045
0.020652534102831337 39.1092759204
0.023172524391477392 41.4754401443
0.026000000000000002 43.6546799901
0.02917247981185104 45.6741745029
0.03273206070664835 47.5162951057
0.036725976160191603 49.1525746071
0.04120722300398897 50.5506893089
0.04623526466101199 51.6837533186
0.05187682018919085 52.4269856326
0.05820674960277684 52.8881285731
0.06530904721924907 53.0389890289
0.07327795621287583 52.8611755689
0.08221921916437787 52.3548343371
0.09225148120072958 51.5460999175
0.10350786434390931 50.3917992195
0.1161377339592504 48.9599736296
0.13030868074309085 47.2905652767
0.14620874454949076 45.4102548106
0.1640489095648502 43.3502343716
0.18406590393987587 41.1600329068
0.20652534102831313 38.7933565152
0.23172524391477395 36.3532558128
0.26 33.8755692489
0.2917247981185104 31.3937849479
0.3273206070664835 28.935305788
0.36725976160191603 26.5194140302
0.4120722300398897 24.14287894
0.46235264661011993 21.8697820426
0.5187682018919085 19.7143856815
0.5820674960277684 17.6871801521
0.6530904721924906 15.7953092764
0.7327795621287583 14.0429588092
0.8221921916437787 12.423065153
0.9225148120072958 10.9499091629
1.035078643439093 9.61586339045
1.161377339592504 8.41432621792
1.3030868074309083 7.33825393544
1.4620874454949075 6.37952289057
1.6404890956485019 5.52348579763
1.840659039398759 4.76762231233
2.0652534102831317 4.10331873097
2.3172524391477394 3.52122915203
2.6 3.0126674137
2.9172479811851053 2.57016701795
3.2732060706648354 2.18464314233
3.6725976160191602 1.85133793817
4.120722300398895 1.56431758105
4.623526466101199 1.31802092892
5.187682018919087 1.1072744421
5.8206749602776835 0.927324441624
6.530904721924906 0.773468809409
7.32779562128758 0.643105476132
8.221921916437786 0.532942705016
9.225148120072964 0.440175835435
10.350786434390931 0.362319251877
11.613773395925039 0.297138086054
13.030868074309078 0.242387999987
14.620874454949076 0.196999908198
16.404890956485026 0.159369635332
18.40659039398759 0.12828056695
20.652534102831314 0.102718103503
23.172524391477385 0.0817895268076
26.0 0.0645732253745
29.172479811851055 0.0506304125101
32.73206070664835 0.0393697991443
36.725976160191614 0.0303417199858
41.20722300398895 0.0231623453854
46.235264661011996 0.0174903903854
51.87682018919087 0.012993802411
58.206749602776824 0.00950971496249
65.30904721924908 0.00684223615525
73.2779562128758 0.00482542008009
82.21921916437786 0.00332467151111
92.25148120072963 0.00223115501889
103.50786434390928 0.00144236910307
116.13773395925043 0.000895578765046
130.30868074309078 0.000530563853136
146.20874454949075 0.000299767055344
164.04890956485025 0.000156677971165
184.06590393987585 7.61748756729e-05
206.5253410283132 3.47035467859e-05
231.72524391477384 1.5958630363e-05
260.0 9.53276387778e-06
