E(GeV) dN/dE (GeV^-1)
3.5249911530236655e-07 0.0
3.9551051249437155e-07 0.0
4.437700938891111e-07 0.0
4.979182348108984e-07 0.0
5.586734481912872e-07 0.0
6.268419187991346e-07 0.0
7.03328200822683e-07 0.0
7.891472207540459e-07 0.0
8.854377448471463e-07 0.0
9.93477489854013e-07 0.0
1.1147000775497914e-06 0.0
1.2507140580226978e-06 0.0
1.40332425415636e-06 0.0
1.5745557105329775e-06 0.0
1.7666805645445441e-06 0.0
1.9822481962755845e-06 0.0
2.2241190572279904e-06 0.0
2.495502626774484e-06 0.0
2.8e-06 0.0
3.1416516720454966e-06 0.0
3.524991153023665e-06 0.0
3.955105124943715e-06 0.0
4.43770093889112e-06 0.0
4.979182348108984e-06 0.0
5.58673448191286e-06 0.0
6.2684191879913456e-06 0.0
7.0332820082268295e-06 0.0
7.891472207540474e-06 0.0
8.854377448471462e-06 0.0490485620735
9.934774898540108e-06 0.0
1.1147000775497913e-05 0.0
1.2507140580226976e-05 0.0
1.403324254156363e-05 0.0
1.5745557105329773e-05 0.0
1.7666805645445403e-05 0.0
1.9822481962755846e-05 0.0
2.22411905722799e-05 0.0
2.4955026267744884e-05 0.0
2.8e-05 0.0
3.141651672045496e-05 0.0
3.5249911530236655e-05 0.0
3.955105124943715e-05 0.010980605273
4.43770093889112e-05 0.0195729495017
4.9791823481089834e-05 0.0174444096055
5.5867344819128605e-05 0.015547346426
6.268419187991346e-05 0.0138565870877
7.03328200822683e-05 0.0123496962413
7.891472207540474e-05 0.016510017541
8.854377448471462e-05 0.014714568622
9.93477489854011e-05 0.0262287461773
0.00011147000775497914 0.0389606577276
0.00012507140580226978 0.052085584125
0.0001403324254156363 0.0649898560005
0.00015745557105329772 0.0744714901667
0.00017666805645445404 0.0884970473004
0.00019822481962755847 0.129264208591
0.000222411905722799 0.138638748294
0.0002495502626774489 0.163589013535
0.00028 0.207840930625
0.00031416516720454967 0.266798626191
0.0003524991153023665 0.331419883229
0.0003955105124943715 0.394203729302
0.00044377009388911194 0.492259679968
0.0004979182348108985 0.580026619381
0.000558673448191286 0.674754834891
0.0006268419187991345 0.791903952062
0.000703328200822683 0.942899308019
0.0007891472207540474 1.11277518226
0.0008854377448471462 1.32185874788
0.0009934774898540109 1.56673043832
0.0011147000775497914 1.85180006179
0.0012507140580226977 2.19176137998
0.001403324254156363 2.59495210745
0.0015745557105329776 3.03071382945
0.0017666805645445403 3.52439490874
0.0019822481962755846 4.10534362811
0.0022241190572279902 4.75804278829
0.002495502626774489 5.50320402768
0.0028000000000000004 6.37373683745
0.0031416516720454966 7.35465663692
0.0035249911530236652 8.42410205049
0.0039551051249437155 9.61055515311
0.0044377009388911195 10.9261097356
0.004979182348108984 12.3871880388
0.00558673448191286 14.0059825014
0.006268419187991346 15.7741308918
0.00703328200822683 17.6588306554
0.007891472207540474 19.6645865926
0.008854377448471463 21.7927666149
0.009934774898540109 24.0461210641
0.011147000775497915 26.4186765559
0.012507140580226977 28.8786784995
0.01403324254156363 31.3529633877
0.015745557105329773 33.8512365115
0.017666805645445403 36.3586923107
0.019822481962755843 38.8404111208
0.0222411905722799 41.2517838157
0.024955026267744884 43.5552790013
0.028 45.6458545682
0.031416516720454965 47.558113081
0.03524991153023669 49.2627812222
0.039551051249437114 50.7350191962
0.0443770093889112 51.9507378699
0.049791823481089834 52.8822305533
0.055867344819128605 53.4313633469
0.06268419187991352 53.6725686212
0.07033282008226822 53.5930814252
0.07891472207540474 53.1919580036
0.08854377448471462 52.4816131738
0.0993477489854011 51.4884319839
0.11147000775497926 50.1455145165
0.12507140580226966 48.5417886247
0.1403324254156363 46.7201707358
0.15745557105329774 44.7105754287
0.17666805645445405 42.5419318405
0.19822481962755864 40.2516805046
0.22241190572279876 37.8061696198
0.24955026267744887 35.3114647493
0.28 32.7993958746
0.3141651672045497 30.2959765502
0.3524991153023669 27.8290146556
0.39551051249437114 25.4323171304
0.4437700938891119 23.0926756975
0.49791823481089836 20.8635374381
0.5586734481912861 18.7580017286
0.6268419187991352 16.7883817973
0.7033282008226822 14.9618471816
0.7891472207540473 13.2785503311
0.8854377448471462 11.7274381094
0.9934774898540109 10.3220048159
1.1147000775497926 9.05255557579
1.2507140580226965 7.91196620799
1.4033242541563629 6.89267217494
1.5745557105329775 5.98536468541
1.7666805645445405 5.17766700156
1.9822481962755865 4.4661141188
2.2241190572279876 3.84065906067
2.4955026267744884 3.29298401733
2.8000000000000003 2.81524743882
3.141651672045498 2.39959057638
3.524991153023669 2.03822020783
3.955105124943711 1.72612205032
4.437700938891117 1.45747737148
4.979182348108984 1.22709236654
5.586734481912863 1.03015388121
6.268419187991352 0.862158511388
7.033282008226823 0.71870965304
7.89147220754047 0.597301175668
8.854377448471462 0.494838239182
9.934774898540114 0.40856649064
11.147000775497926 0.336132996623
12.507140580226963 0.275564790017
14.033242541563622 0.224758070818
15.745557105329775 0.18249790306
17.66680564544541 0.147516416455
19.822481962755866 0.118680843923
22.24119057227988 0.0949959928148
24.955026267744874 0.0756013921801
28.0 0.0597206407534
31.41651672045498 0.0468120998862
35.24991153023669 0.0363969011895
39.55105124943712 0.0280448831303
44.377009388911176 0.0213929597841
49.79182348108984 0.016141826818
55.86734481912863 0.0119798756361
62.684191879913506 0.0087593306748
70.33282008226824 0.00629624563468
78.91472207540471 0.00443662144368
88.54377448471462 0.00305542131609
99.34774898540113 0.00205101363628
111.47000775497922 0.00132463119421
125.07140580226968 0.000821309797089
140.33242541563624 0.000486043659253
157.45557105329775 0.000274557076821
176.6680564544541 0.000143527461213
198.22481962755862 6.9940700523e-05
222.41190572279882 3.18459062807e-05
249.55026267744876 1.46185926989e-05
280.0 8.71691067249e-06
