E(GeV) dN/dE (GeV^-1)
3.7767762353824986e-08 0.0
4.2376126338682665e-08 0.0
4.7546795773833326e-08 0.0
5.3348382301167685e-08 0.0
5.985786944906649e-08 0.0
6.716163415705014e-08 0.0
7.535659294528747e-08 0.0
8.455148793793349e-08 0.0
9.486832980505139e-08 0.0
1.064440167700728e-07 0.0
1.1943215116604908e-07 0.0
1.3400507764528905e-07 0.0
1.5035617008818143e-07 0.0
1.6870239755710472e-07 0.0
1.8928720334405829e-07 0.0
2.123837353152412e-07 0.0
2.3829847041728466e-07 0.0
2.6737528144012323e-07 0.0
3e-07 0.0
3.366055362905889e-07 0.0
3.776776235382498e-07 0.0
4.237612633868266e-07 0.0
4.754679577383343e-07 0.0
5.334838230116768e-07 0.0
5.985786944906636e-07 0.0
6.716163415705013e-07 0.0
7.535659294528746e-07 0.0
8.455148793793365e-07 0.0
9.486832980505138e-07 0.0
1.0644401677007258e-06 0.0
1.1943215116604906e-06 0.0
1.3400507764528904e-06 0.0
1.5035617008818175e-06 0.0
1.6870239755710471e-06 0.0
1.8928720334405789e-06 0.0
2.123837353152412e-06 0.0
2.3829847041728467e-06 0.0
2.6737528144012377e-06 0.0
3e-06 0.0
3.366055362905889e-06 0.0
3.7767762353824983e-06 0.0
4.237612633868267e-06 0.0
4.754679577383342e-06 0.0
5.334838230116768e-06 0.0
5.9857869449066365e-06 0.0
6.716163415705014e-06 0.0
7.535659294528747e-06 0.0
8.455148793793365e-06 0.0
9.486832980505138e-06 0.0
1.064440167700726e-05 0.0
1.1943215116604907e-05 0.0
1.3400507764528905e-05 0.0
1.5035617008818174e-05 0.0
1.687023975571047e-05 0.0
1.892872033440579e-05 0.0
2.123837353152412e-05 0.0
2.3829847041728467e-05 0.0
2.673752814401238e-05 0.0
2.9999999999999997e-05 0.0
3.366055362905889e-05 0.0
3.7767762353824985e-05 0.0
4.237612633868266e-05 0.0102485649215
4.754679577383342e-05 0.0
5.3348382301167684e-05 0.0
5.985786944906636e-05 0.0
6.716163415705013e-05 0.0064664073076
7.535659294528746e-05 0.00576319157925
8.455148793793365e-05 0.00513644990165
9.486832980505138e-05 0.0
0.0001064440167700726 0.00408002718313
0.00011943215116604907 0.00727265610915
0.00013400507764528904 0.00648176158
0.00015035617008818175 0.00288843804447
0.00016870239755710473 0.00514864623375
0.00018928720334405788 0.00688310367892
0.0002123837353152412 0.00817943014814
0.00023829847041728465 0.0127573683876
0.0002673752814401238 0.0162428807766
0.00030000000000000003 0.0217147240952
0.0003366055362905889 0.028384793391
0.0003776776235382498 0.0344972369161
0.00042376126338682666 0.0450936856546
0.00047546795773833426 0.0611980887754
0.0005334838230116769 0.0822213172737
0.0005985786944906635 0.106654796483
0.0006716163415705014 0.144200882959
0.0007535659294528747 0.195372194537
0.0008455148793793365 0.24860417524
0.0009486832980505138 0.314957166594
0.001064440167700726 0.398618655792
0.0011943215116604908 0.495995146644
0.0013400507764528904 0.616091438179
0.0015035617008818175 0.771212957873
0.0016870239755710473 0.947093474698
0.0018928720334405787 1.16117959063
0.0021238373531524118 1.42485673181
0.0023829847041728467 1.74411450671
0.0026737528144012376 2.13236538835
0.003 2.56783850667
0.003366055362905889 3.05342963814
0.0037767762353825025 3.62450969198
0.0042376126338682625 4.30019535541
0.004754679577383343 5.08346034732
0.005334838230116768 5.97439629049
0.005985786944906636 6.95824598767
0.00671616341570502 8.07085228876
0.007535659294528738 9.30853414306
0.008455148793793365 10.6626536218
0.009486832980505138 12.1240197676
0.01064440167700726 13.6931016301
0.01194321511660492 15.3426135075
0.01340050776452889 17.0697191209
0.015035617008818176 18.8492823374
0.016870239755710472 20.6595865937
0.01892872033440579 22.4817308982
0.021238373531524142 24.2969359093
0.023829847041728438 26.0033439845
0.02673752814401238 27.6200117019
0.03 29.1280440424
0.03366055362905889 30.5068663493
0.03776776235382502 31.7293511121
0.04237612633868262 32.7562582308
0.047546795773833424 33.5235001013
0.05334838230116768 34.0604900282
0.05985786944906637 34.365365317
0.0671616341570502 34.4251931842
0.07535659294528738 34.2330006629
0.08455148793793364 33.8051289753
0.09486832980505139 33.0617633466
0.10644401677007259 32.1157136505
0.1194321511660492 30.9729660177
0.1340050776452889 29.6568301816
0.15035617008818175 28.1970592814
0.16870239755710473 26.6205888045
0.1892872033440579 24.9095392278
0.2123837353152414 23.1480838236
0.2382984704172844 21.3541397734
0.2673752814401238 19.555588698
0.3 17.7791228901
0.3366055362905891 16.0432039246
0.37767762353825024 14.3468270294
0.4237612633868262 12.7361068478
0.47546795773833406 11.2238756261
0.5334838230116768 9.82265026127
0.5985786944906639 8.54031027407
0.671616341570502 7.37839770886
0.7535659294528738 6.32817223406
0.8455148793793361 5.39644415455
0.9486832980505138 4.577133335
1.0644401677007265 3.86250379788
1.194321511660492 3.24354462527
1.340050776452889 2.71049703702
1.5035617008818165 2.25159291367
1.6870239755710474 1.86079077047
1.89287203344058 1.52948070229
2.123837353152414 1.25039766618
2.382984704172844 1.01657509168
2.6737528144012366 0.821147305214
3.0 0.657805439898
3.366055362905891 0.52313780622
3.776776235382502 0.412666527143
4.237612633868263 0.322616829848
4.754679577383341 0.249774701592
5.334838230116769 0.191378012457
5.985786944906639 0.144235520952
6.716163415705019 0.10717604531
7.53565929452874 0.0783323778345
8.455148793793361 0.0561640491691
9.486832980505138 0.0393943205209
10.644401677007265 0.0269540875813
11.943215116604916 0.0177519717499
13.400507764528895 0.0112612505251
15.035617008818168 0.00682835419026
16.87023975571047 0.00394710666218
18.928720334405796 0.00210173276468
21.238373531524136 0.00102719328658
23.829847041728446 0.000450863623631
26.737528144012366 0.000190366562701
30.0 0.000104028004899
