E(GeV) dN/dE (GeV^-1)
3.7767762353824988e-06 0.0
4.237612633868267e-06 0.0
4.754679577383333e-06 0.0
5.334838230116769e-06 0.0
5.985786944906648e-06 0.0
6.716163415705014e-06 0.0
7.535659294528746e-06 0.0
8.455148793793348e-06 0.0
9.48683298050514e-06 0.0
1.064440167700728e-05 0.0
1.1943215116604907e-05 0.0
1.3400507764528905e-05 0.0
1.5035617008818144e-05 0.0
1.6870239755710473e-05 0.0
1.8928720334405828e-05 0.0
2.123837353152412e-05 0.0
2.3829847041728467e-05 0.0364496239647
2.6737528144012324e-05 0.0324857615531
3e-05 0.0434294481903
3.366055362905889e-05 0.0387065364423
3.7767762353824985e-05 0.0574953948601
4.237612633868266e-05 0.0614913895289
4.754679577383343e-05 0.0730723448064
5.3348382301167684e-05 0.089547969308
5.985786944906636e-05 0.116086853314
6.716163415705013e-05 0.122861738844
7.535659294528746e-05 0.138316597902
8.455148793793365e-05 0.169502846754
9.486832980505138e-05 0.187692497534
0.0001064440167700726 0.19584130479
0.00011943215116604907 0.229088667438
0.00013400507764528904 0.28195662873
0.00015035617008818175 0.332170375114
0.0001687023975571047 0.404168729349
0.00018928720334405788 0.493289096989
0.0002123837353152412 0.59300868574
0.00023829847041728465 0.698010298923
0.0002673752814401238 0.830011207682
0.0003 0.97137199119
0.0003366055362905889 1.11603846742
0.0003776776235382498 1.29134656856
0.00042376126338682666 1.501414761
0.0004754679577383342 1.74094861501
0.0005334838230116768 2.05471885939
0.0005985786944906637 2.34858215112
0.0006716163415705014 2.70037169165
0.0007535659294528747 3.11385241027
0.0008455148793793365 3.58318745139
0.0009486832980505137 4.10817676311
0.001064440167700726 4.72752749709
0.0011943215116604908 5.36322024769
0.0013400507764528904 6.13077419045
0.0015035617008818175 7.02756976219
0.001687023975571047 8.01695705057
0.001892872033440579 9.06825966019
0.002123837353152412 10.2365568304
0.0023829847041728467 11.5056883007
0.0026737528144012376 12.9113035005
0.003 14.4573737729
0.003366055362905889 16.1610111389
0.003776776235382498 18.0403300453
0.004237612633868266 20.0893394448
0.004754679577383342 22.2577448876
0.005334838230116769 24.5831969779
0.005985786944906636 27.0689873473
0.006716163415705013 29.7163747821
0.007535659294528747 32.5224392966
0.008455148793793365 35.4773053772
0.009486832980505138 38.4641439703
0.010644401677007259 41.5577696781
0.011943215116604908 44.7439258131
0.013400507764528904 47.9843189327
0.015035617008818175 51.2367026737
0.016870239755710472 54.4853428228
0.018928720334405787 57.606117197
0.02123837353152412 60.5966334495
0.023829847041728466 63.457683609
0.02673752814401238 66.1535337833
0.030000000000000002 68.6390702697
0.03366055362905889 70.8959888328
0.03776776235382499 72.7512919268
0.042376126338682665 74.2969406526
0.047546795773833424 75.5252098748
0.05334838230116769 76.404500987
0.05985786944906636 76.9029984227
0.06716163415705013 77.0144325193
0.07535659294528746 76.6547242922
0.08455148793793364 75.9149882899
0.09486832980505139 74.8155204754
0.1064440167700726 73.3668080854
0.11943215116604908 71.5849504441
0.13400507764528904 69.5054558772
0.15035617008818175 67.1031528114
0.16870239755710473 64.4691162008
0.18928720334405788 61.6507344596
0.21238373531524118 58.6849902016
0.23829847041728466 55.6045592738
0.2673752814401238 52.4426761008
0.3 49.1833433986
0.3366055362905889 45.9354324089
0.37767762353825024 42.7217128201
0.42376126338682624 39.5705977125
0.4754679577383343 36.5080139751
0.5334838230116768 33.5520887591
0.5985786944906636 30.6958424707
0.671616341570502 27.9829818795
0.7535659294528738 25.4237859803
0.8455148793793364 23.024575337
0.9486832980505138 20.7881540319
1.064440167700726 18.7142952037
1.1943215116604922 16.7894313503
1.340050776452889 15.0225328311
1.5035617008818176 13.4071955704
1.6870239755710472 11.935053923
1.8928720334405789 10.597152316
2.123837353152414 9.38475915421
2.382984704172844 8.28716609282
2.673752814401238 7.30044024357
3.0 6.41652189603
3.366055362905889 5.62664792213
3.7767762353825023 4.92243580355
4.237612633868262 4.2964054361
4.754679577383342 3.73944856457
5.334838230116768 3.24783573205
5.9857869449066365 2.81447105268
6.71616341570502 2.43367429253
7.535659294528738 2.10002269599
8.455148793793365 1.80789106486
9.486832980505138 1.55216362247
10.64440167700726 1.32965005478
11.94321511660492 1.13649262477
13.400507764528891 0.969372107392
15.035617008818173 0.825148241559
16.87023975571047 0.700743392339
18.928720334405792 0.59338644869
21.23837353152414 0.501350768546
23.829847041728442 0.422643322393
26.737528144012376 0.355524304381
30.0 0.298421312966
33.66055362905891 0.249897114774
37.76776235382503 0.208667254628
42.37612633868262 0.173839478733
47.5467957738334 0.144489189971
53.34838230116769 0.119795254441
59.8578694490664 0.0990661771152
67.1616341570502 0.0817342244147
75.35659294528739 0.0672131526347
84.5514879379336 0.0551218018467
94.86832980505137 0.0450662046818
106.44401677007265 0.0367363852357
119.43215116604921 0.0298606278111
134.0050776452889 0.0241900670927
150.35617008818167 0.0195143134244
168.70239755710475 0.0156785184976
189.28720334405799 0.0125447363677
212.3837353152414 0.00999087128704
238.29847041728442 0.00791498845942
267.3752814401237 0.00623431163819
300.0 0.00487449520721
336.6055362905891 0.00378245822051
377.6776235382502 0.0029103846904
423.76126338682633 0.00221948353679
475.467957738334 0.00167634626837
533.4838230116769 0.00125195631966
598.5786944906639 0.000919254788713
671.6163415705018 0.000664625749404
753.565929452874 0.000472329281707
845.5148793793361 0.00032879289017
948.6832980505138 0.000223452038394
1064.4401677007263 0.000148092338663
1194.3215116604915 9.43521676648e-05
1340.0507764528895 5.78604170081e-05
1503.5617008818167 3.3907374204e-05
1687.0239755710472 1.9051793091e-05
1892.8720334405798 1.00534612334e-05
2123.837353152414 5.03730205673e-06
2382.9847041728444 2.49443001602e-06
2673.7528144012367 1.2989431757e-06
3000.0 8.48900947294e-07
