E(GeV) dN/dE (GeV^-1)
3.776776235382499e-07 0.0
4.2376126338682667e-07 0.0
4.7546795773833327e-07 0.0
5.334838230116768e-07 0.0
5.985786944906649e-07 0.0
6.716163415705013e-07 0.0
7.535659294528746e-07 0.0
8.455148793793348e-07 0.0
9.486832980505139e-07 0.0
1.0644401677007282e-06 0.0
1.1943215116604906e-06 0.0
1.3400507764528906e-06 0.0
1.5035617008818143e-06 0.0
1.6870239755710473e-06 0.0
1.892872033440583e-06 0.0
2.123837353152412e-06 0.0
2.3829847041728467e-06 0.0
2.6737528144012326e-06 0.0
3e-06 0.0
3.366055362905889e-06 0.0
3.7767762353824983e-06 0.0
4.237612633868266e-06 0.0
4.754679577383343e-06 0.0
5.334838230116769e-06 0.0
5.985786944906636e-06 0.0
6.716163415705014e-06 0.0
7.535659294528746e-06 0.0
8.455148793793365e-06 0.0
9.486832980505138e-06 0.0
1.064440167700726e-05 0.0
1.1943215116604907e-05 0.0
1.3400507764528903e-05 0.0
1.5035617008818174e-05 0.0
1.6870239755710473e-05 0.0
1.892872033440579e-05 0.0
2.1238373531524117e-05 0.0
2.3829847041728467e-05 0.0
2.673752814401238e-05 0.0
2.9999999999999997e-05 0.0
3.366055362905889e-05 0.0129021788141
3.7767762353824985e-05 0.0
4.237612633868266e-05 0.0102485649215
4.754679577383342e-05 0.0182680862016
5.3348382301167684e-05 0.0244221734476
5.985786944906636e-05 0.0145108566643
6.716163415705013e-05 0.0129328146152
7.535659294528746e-05 0.0172895747378
8.455148793793365e-05 0.0256822495083
9.486832980505138e-05 0.0366229263482
0.0001064440167700726 0.0571203805638
0.00011943215116604907 0.0545449208186
0.00013400507764528904 0.0648176158
0.00015035617008818175 0.0779878272006
0.0001687023975571047 0.0926756322074
0.00018928720334405788 0.105540923077
0.00021238373531524122 0.126781167296
0.00023829847041728465 0.169490751436
0.0002673752814401238 0.217654602406
0.0003 0.262024337415
0.0003366055362905889 0.305781637894
0.0003776776235382498 0.362220987619
0.0004237612633868266 0.440688291624
0.0004754679577383342 0.535254925707
0.0005334838230116769 0.63904687188
0.0005985786944906637 0.758917803544
0.0006716163415705013 0.904650382333
0.0007535659294528747 1.08693793185
0.0008455148793793365 1.30157640508
0.0009486832980505137 1.54274077242
0.001064440167700726 1.80051599591
0.0011943215116604908 2.11452476373
0.0013400507764528904 2.49807091293
0.0015035617008818175 2.94418489873
0.0016870239755710473 3.444959195
0.001892872033440579 4.01262000802
0.0021238373531524118 4.6403952088
0.0023829847041728467 5.35663673785
0.002673752814401238 6.1786294186
0.003 7.11258549496
0.003366055362905889 8.1595959256
0.003776776235382498 9.31540387524
0.004237612633868267 10.5927117316
0.004754679577383342 12.010718635
0.005334838230116769 13.5846711658
0.0059857869449066355 15.3239725175
0.006716163415705014 17.2301302555
0.007535659294528747 19.2083141102
0.008455148793793365 21.3277213751
0.009486832980505138 23.5764208446
0.01064440167700726 25.929062352
0.011943215116604908 28.3597588609
0.013400507764528904 30.863620757
0.015035617008818175 33.341067041
0.016870239755710472 35.8565882495
0.018928720334405787 38.3657545396
0.021238373531524118 40.8253557926
0.023829847041728466 43.1905991959
0.026737528144012375 45.4104816731
0.030000000000000002 47.4145922622
0.03366055362905889 49.2413331723
0.03776776235382502 50.8314946106
0.042376126338682624 52.1533891036
0.047546795773833424 53.1950046232
0.05334838230116768 53.9526922117
0.05985786944906636 54.3231404811
0.0671616341570502 54.3589929991
0.07535659294528739 54.0730412549
0.08455148793793366 53.4738643518
0.09486832980505139 52.5697249917
0.10644401677007259 51.3725851492
0.1194321511660492 49.8426613761
0.1340050776452889 48.0833667314
0.15035617008818175 46.1206521059
0.16870239755710473 43.9838344511
0.1892872033440579 41.7086921527
0.2123837353152414 39.3391615141
0.23829847041728439 36.835184442
0.2673752814401238 34.3054839723
0.3 31.7733331793
0.3366055362905889 29.2630666366
0.37767762353825024 26.8035607972
0.4237612633868262 24.4293412512
0.4754679577383342 22.1308474536
0.5334838230116768 19.9521512927
0.5985786944906637 17.9029094394
0.671616341570502 15.9910476335
0.7535659294528738 14.2225413432
0.8455148793793364 12.6012155613
0.9486832980505138 11.114405343
1.064440167700726 9.7677633736
1.194321511660492 8.55610900499
1.340050776452889 7.47008308497
1.5035617008818174 6.50015946127
1.6870239755710472 5.63853915059
1.892872033440579 4.87354393223
2.123837353152414 4.19993862092
2.382984704172844 3.60846064954
2.6737528144012375 3.09121285235
3.0 2.64074467946
3.3660553629058905 2.2496912474
3.7767762353825023 1.9096330714
4.237612633868262 1.61622256728
4.754679577383341 1.36389869541
5.334838230116769 1.14759385994
5.985786944906639 0.962747744067
6.71616341570502 0.805291706145
7.535659294528738 0.671183481332
8.455148793793361 0.557484230524
9.486832980505138 0.461592204965
10.644401677007265 0.380982575091
11.94321511660492 0.313354715615
13.40050776452889 0.256693412022
15.035617008818166 0.209231115309
16.87023975571047 0.169900177067
18.9287203344058 0.137325283315
21.23837353152414 0.110445925105
23.829847041728442 0.0883724960234
26.737528144012366 0.0703239421513
30.0 0.055509334728
33.66055362905891 0.0434830391588
37.76776235382502 0.0338001627488
42.37612633868263 0.026040178915
47.5467957738334 0.019858441848
53.34838230116769 0.0149858770859
59.85786944906639 0.0111150187323
67.16163415705019 0.00812580381806
75.3565929452874 0.00584006102853
84.55148793793362 0.00411491274521
94.86832980505139 0.00283410635625
106.44401677007264 0.00190204339234
119.43215116604917 0.00122657345242
134.00507764528894 0.000760981495658
150.35617008818167 0.000450789860286
168.70239755710472 0.000254592833289
189.28720334405799 0.000133116930782
212.38373531524138 6.46931578992e-05
238.29847041728445 2.93474147352e-05
267.3752814401237 1.355305972e-05
300.0 8.12709740468e-06
