E(GeV) dN/dE (GeV^-1)
4.1544538589207484e-07 0.0
4.661373897255093e-07 0.0
5.230147535121666e-07 0.0
5.868322053128445e-07 0.0
6.584365639397313e-07 0.0
7.387779757275515e-07 0.0
8.289225223981621e-07 0.0
9.300663673172683e-07 0.0
1.0435516278555653e-06 0.0
1.170884184470801e-06 0.0
1.3137536628265397e-06 0.0
1.4740558540981795e-06 0.0
1.6539178709699959e-06 0.0
1.855726373128152e-06 0.0
2.082159236784641e-06 0.0
2.3362210884676533e-06 0.0
2.621283174590131e-06 0.0
2.9411280958413558e-06 0.0
3.3e-06 0.0
3.702660899196478e-06 0.0
4.1544538589207484e-06 0.0
4.661373897255093e-06 0.0
5.230147535121677e-06 0.0
5.868322053128445e-06 0.0
6.5843656393972995e-06 0.0
7.387779757275514e-06 0.0587855209781
8.28922522398162e-06 0.0
9.300663673172702e-06 0.0
1.043551627855565e-05 0.0
1.1708841844707985e-05 0.0
1.3137536628265397e-05 0.0
1.4740558540981794e-05 0.0
1.653917870969999e-05 0.0
1.855726373128152e-05 0.0
2.0821592367846367e-05 0.0
2.336221088467653e-05 0.0371792279461
2.6212831745901312e-05 0.0331360217861
2.9411280958413615e-05 0.0147662552514
3.2999999999999996e-05 0.0
3.702660899196478e-05 0.0
4.154453858920748e-05 0.0
4.661373897255093e-05 0.0
5.230147535121676e-05 0.00830367554618
5.868322053128445e-05 0.014801317241
6.5843656393973e-05 0.019787531815
7.387779757275515e-05 0.0235142083913
8.289225223981621e-05 0.0314355904323
9.3006636731727e-05 0.0420254991953
0.00010435516278555652 0.0499403541112
0.00011708841844707986 0.0630549655574
0.00013137536628265398 0.0793380666453
0.00014740558540981795 0.100172678964
0.0001653917870969999 0.118163374546
0.00018557263731281518 0.133396743329
0.00020821592367846367 0.15017680754
0.00023362210884676532 0.182178216936
0.0002621283174590131 0.220354544877
0.00029411280958413613 0.270222471101
0.00033 0.32637888337
0.0003702660899196478 0.390584140463
0.0004154453858920748 0.471462237853
0.0004661373897255093 0.5506274426
0.0005230147535121676 0.651008162821
0.0005868322053128445 0.795570801703
0.00065843656393973 0.9517802803
0.0007387779757275514 1.11692489858
0.0008289225223981621 1.31086412103
0.0009300663673172701 1.53626547058
0.001043551627855565 1.81491570232
0.0011708841844707985 2.14646520989
0.0013137536628265397 2.54476848765
0.0014740558540981795 3.00753737312
0.0016539178709699992 3.52074339093
0.001855726373128152 4.07351528839
0.0020821592367846367 4.71659465125
0.002336221088467653 5.44415434815
0.0026212831745901313 6.27414004508
0.0029411280958413616 7.21257737756
0.0033000000000000004 8.25712254048
0.003702660899196478 9.41331237022
0.0041544538589207486 10.7258181797
0.004661373897255093 12.1537731404
0.005230147535121676 13.708620996
0.005868322053128446 15.4188281963
0.0065843656393973 17.3067689513
0.007387779757275515 19.3457270987
0.00828922522398162 21.4303754948
0.0093006636731727 23.6669400418
0.010435516278555653 26.0383179961
0.011708841844707987 28.5041455449
0.0131375366282654 31.0253162493
0.014740558540981795 33.604398286
0.01653917870969999 36.1802335842
0.01855726373128152 38.7154559811
0.020821592367846368 41.1891390092
0.02336221088467653 43.5672699437
0.026212831745901312 45.8186684446
0.029411280958413614 47.9373187108
0.033 49.7925861743
0.03702660899196478 51.4238270339
0.04154453858920752 52.7974043313
0.04661373897255088 53.8876344892
0.05230147535121677 54.6782669358
0.05868322053128445 55.1634658643
0.065843656393973 55.2424289746
0.07387779757275521 55.0053239302
0.08289225223981612 54.4554751217
0.09300663673172702 53.5920792794
0.10435516278555652 52.4268885041
0.11708841844707986 50.9988079244
0.13137536628265412 49.2472172852
0.1474055854098178 47.2851784512
0.16539178709699992 45.1495006788
0.1855726373128152 42.870654542
0.20821592367846367 40.4788819696
0.23362210884676554 38.0087132522
0.2621283174590128 35.4424429849
0.29411280958413616 32.8660753169
0.33 30.3135903314
0.3702660899196478 27.8155516076
0.41544538589207525 25.3957796773
0.46613738972550883 23.0697451067
0.5230147535121676 20.8235689227
0.5868322053128445 18.7129686578
0.65843656393973 16.7417478529
0.7387779757275522 14.9171522078
0.8289225223981612 13.2417237824
0.9300663673172701 11.709599862
1.0435516278555652 10.3064543133
1.1708841844707987 9.04169668382
1.3137536628265412 7.90623833924
1.474055854098178 6.8915974722
1.653917870969999 5.9891959791
1.855726373128152 5.19009587831
2.082159236784637 4.48078077069
2.3362210884676555 3.8566568978
2.6212831745901286 3.30999780784
2.9411280958413615 2.83309965559
3.3000000000000003 2.41829064947
3.70266089919648 2.05806501459
4.1544538589207525 1.74530114507
4.661373897255088 1.47606111575
5.230147535121675 1.24452873428
5.868322053128446 1.04623658567
6.584365639397304 0.87714019325
7.3877797572755215 0.733267368401
8.289225223981612 0.610486501166
9.300663673172696 0.506762801027
10.435516278555651 0.419307037106
11.708841844707992 0.345802332994
13.137536628265412 0.284215698263
14.740558540981779 0.232721197231
16.539178709699982 0.189640531102
18.55726373128152 0.15391552615
20.821592367846378 0.124307892978
23.362210884676553 0.0999102335009
26.212831745901287 0.0799124041003
29.411280958413602 0.0635367599148
33.0 0.0501111214362
37.0266089919648 0.0392444986525
41.54453858920752 0.0304956515172
46.6137389725509 0.02349472328
52.301475351216745 0.0179236829547
58.683220531284455 0.0135102723446
65.84365639397303 0.0100257289572
73.8777975727552 0.00732287119838
82.89225223981614 0.00525822073308
93.00663673172697 0.00370165733362
104.35516278555652 0.00254676662165
117.0884184470799 0.00170836301831
131.37536628265408 0.00110267020201
147.40558540981783 0.000683292574488
165.39178709699985 0.000403895543464
185.5726373128152 0.000227677817044
208.21592367846378 0.000118952546306
233.6221088467655 5.79456857154e-05
262.1283174590129 2.64839654125e-05
294.112809584136 1.22604217353e-05
330.0 7.3027275154e-06
