E(GeV) dN/dE (GeV^-1)
4.5321314824589986e-07 0.0
5.08513516064192e-07 0.0
5.705615492859999e-07 0.0
6.401805876140122e-07 0.0
7.182944333887978e-07 0.0
8.059396098846016e-07 0.0
9.042791153434495e-07 0.0
1.0146178552552018e-06 0.0
1.1384199576606167e-06 0.0
1.2773282012408737e-06 0.0
1.4331858139925888e-06 0.0
1.6080609317434687e-06 0.0
1.8042740410581774e-06 0.0
2.024428770685257e-06 0.0
2.2714464401286993e-06 0.0
2.5486048237828946e-06 0.0
2.8595816450074157e-06 0.0
3.208503377281479e-06 0.0
3.6000000000000003e-06 0.0
4.039266435487067e-06 0.0
4.532131482458998e-06 0.0
5.085135160641919e-06 0.0
5.705615492860011e-06 0.0
6.401805876140122e-06 0.0
7.182944333887963e-06 0.0
8.059396098846016e-06 0.0
9.042791153434495e-06 0.0
1.0146178552552039e-05 0.0
1.1384199576606165e-05 0.0
1.2773282012408712e-05 0.0
1.4331858139925888e-05 0.0
1.6080609317434685e-05 0.0
1.804274041058181e-05 0.0
2.0244287706852565e-05 0.0
2.2714464401286947e-05 0.0
2.5486048237828943e-05 0.0
2.859581645007416e-05 0.0
3.2085033772814855e-05 0.0
3.6e-05 0.0
4.0392664354870666e-05 0.0
4.5321314824589984e-05 0.00958256581002
5.0851351606419196e-05 0.0170809415358
5.7056154928600104e-05 0.030446810336
6.401805876140122e-05 0.0203518112064
7.182944333887964e-05 0.0241847611072
8.059396098846016e-05 0.0269433637817
9.042791153434496e-05 0.0288159578963
0.00010146178552552037 0.0342429993443
0.00011384199576606164 0.0495935460965
0.0001277328201240871 0.0612004077469
0.0001433185813992589 0.0787871078491
0.00016080609317434686 0.0945256897084
0.0001804274041058181 0.113130490075
0.00020244287706852566 0.139442502164
0.00022714464401286946 0.170165618729
0.0002548604823782895 0.213005993441
0.0002859581645007416 0.259703570748
0.0003208503377281485 0.319443321939
0.00035999999999999997 0.399309648639
0.0004039266435487067 0.492433158071
0.0004532131482458998 0.582620001249
0.000508513516064192 0.672135049434
0.000570561549286001 0.790094728219
0.0006401805876140122 0.936861709199
0.0007182944333887964 1.11370824899
0.0008059396098846016 1.32345802895
0.0009042791153434497 1.57287103517
0.0010146178552552039 1.87095187668
0.0011384199576606165 2.20576833485
0.001277328201240871 2.55919705062
0.0014331858139925888 2.97906175871
0.0016080609317434685 3.47719501427
0.001804274041058181 4.04333185591
0.002024428770685257 4.69342009591
0.0022714464401286947 5.42847443477
0.002548604823782894 6.24107560783
0.002859581645007416 7.15263120933
0.0032085033772814853 8.18072690312
0.0036000000000000003 9.3379345477
0.004039266435487067 10.6334381878
0.004532131482458998 12.1011515819
0.00508513516064192 13.6949864952
0.0057056154928600104 15.4175797009
0.006401805876140122 17.2739389583
0.007182944333887963 19.2706594978
0.008059396098846016 21.4128072716
0.009042791153434496 23.6681310979
0.010146178552552038 26.0227961367
0.011384199576606167 28.4738674491
0.012773282012408712 30.9963065125
0.01433185813992589 33.5696715178
0.016080609317434685 36.221028966
0.01804274041058181 38.7792785833
0.020244287706852566 41.2556303118
0.022714464401286945 43.6710940735
0.025486048237828945 45.9949124186
0.028595816450074158 48.1695449302
0.03208503377281485 50.1484325384
0.036000000000000004 51.8496581791
0.04039266435487067 53.2949762683
0.04532131482459003 54.4655025418
0.05085135160641915 55.3389539543
0.05705615492860011 55.8949318564
0.06401805876140122 56.1208859864
0.07182944333887964 55.9475087516
0.08059396098846024 55.456846699
0.09042791153434486 54.6456844571
0.10146178552552038 53.5350043711
0.11384199576606166 52.1476556842
0.12773282012408713 50.4882929776
0.14331858139925904 48.5603945292
0.1608060931743467 46.4432288031
0.18042740410581812 44.1633006208
0.20244287706852568 41.7605880817
0.22714464401286946 39.275266828
0.2548604823782897 36.7377656663
0.2859581645007413 34.1308568364
0.3208503377281485 31.5400726093
0.36 28.9919458027
0.40392664354870667 26.5117357094
0.4532131482459003 24.1223184452
0.5085135160641914 21.8433471692
0.5705615492860011 19.667539586
0.6401805876140122 17.6294043712
0.7182944333887964 15.7372253906
0.8059396098846023 13.9932962529
0.9042791153434486 12.3959551159
1.0146178552552036 10.9410517747
1.1384199576606167 9.61754478085
1.277328201240871 8.4251418924
1.4331858139925904 7.35663104502
1.6080609317434669 6.40475609185
1.8042740410581808 5.56042953986
2.024428770685257 4.81236219046
2.271446440128695 4.14970734244
2.548604823782897 3.56824180995
2.859581645007413 3.05963216132
3.208503377281485 2.61614348475
3.6 2.23066891887
4.039266435487069 1.89672307303
4.532131482459003 1.60713686258
5.085135160641914 1.35789599296
5.705615492860009 1.1442388578
6.401805876140123 0.961538958681
7.182944333887968 0.805672086025
8.059396098846024 0.673125949584
9.042791153434486 0.560070607693
10.146178552552033 0.46468477774
11.384199576606164 0.384328237385
12.773282012408718 0.316822270824
14.331858139925904 0.260272816844
16.080609317434668 0.212993899392
18.0427404105818 0.173458840337
20.244287706852568 0.14063810363
22.71446440128696 0.113528917854
25.486048237828967 0.0912168686883
28.59581645007413 0.0729171234324
32.08503377281484 0.0579756602129
36.0 0.0457179388352
40.39266435487069 0.0357897086223
45.32131482459002 0.0277968194247
50.851351606419165 0.0213999686293
57.05615492860009 0.0163129290525
64.01805876140122 0.0122969374474
71.82944333887967 0.00911153014666
80.59396098846022 0.00665152977147
90.42791153434489 0.00477332500424
101.46178552552033 0.00335823662795
113.84199576606166 0.00230935399309
127.73282012408717 0.00154746590997
143.318581399259 0.000997565996305
160.80609317434673 0.00061774968885
180.427404105818 0.000365546276718
202.44287706852566 0.000206634480784
227.14464401286958 0.000108139294716
254.86048237828965 5.27113151609e-05
285.95816450074136 2.4108388784e-05
320.8503377281484 1.12766199791e-05
360.0 6.81721699232e-06
