E(GeV) dN/dE (GeV^-1)
5.035701647176665e-08 0.0
5.6501501784910216e-08 0.0
6.339572769844444e-08 0.0
7.113117640155691e-08 0.0
7.981049259875532e-08 0.0
8.954884554273351e-08 0.0
1.0047545726038328e-07 0.0
1.1273531725057798e-07 0.0
1.2649110640673517e-07 0.0
1.4192535569343042e-07 0.0
1.5924286822139876e-07 0.0
1.786734368603854e-07 0.0
2.0047489345090858e-07 0.0
2.2493653007613965e-07 0.0
2.523829377920777e-07 0.0
2.8317831375365497e-07 0.0
3.177312938897129e-07 0.0
3.5650037525349767e-07 0.0
4e-07 0.0
4.488073817207852e-07 0.0
5.035701647176665e-07 0.0
5.650150178491022e-07 0.0
6.339572769844457e-07 0.0
7.113117640155691e-07 0.0
7.981049259875515e-07 0.0
8.954884554273351e-07 0.0
1.004754572603833e-06 0.0
1.127353172505782e-06 0.0
1.2649110640673517e-06 0.0
1.4192535569343013e-06 0.0
1.5924286822139875e-06 0.0
1.786734368603854e-06 0.0
2.00474893450909e-06 0.0
2.249365300761396e-06 0.0
2.523829377920772e-06 0.0
2.831783137536549e-06 0.0
3.1773129388971288e-06 0.0
3.5650037525349837e-06 0.0
4e-06 0.0
4.488073817207852e-06 0.0
5.0357016471766645e-06 0.0
5.650150178491022e-06 0.0
6.339572769844456e-06 0.0
7.113117640155691e-06 0.0
7.981049259875515e-06 0.0
8.95488455427335e-06 0.0
1.0047545726038329e-05 0.0
1.1273531725057819e-05 0.0
1.2649110640673517e-05 0.0
1.4192535569343013e-05 0.0306002038735
1.5924286822139876e-05 0.0
1.786734368603854e-05 0.0
2.00474893450909e-05 0.0
2.249365300761396e-05 0.0
2.523829377920772e-05 0.0
2.8317831375365497e-05 0.0
3.177312938897129e-05 0.0
3.565003752534984e-05 0.0
3.9999999999999996e-05 0.0
4.488073817207852e-05 0.0
5.0357016471766645e-05 0.0
5.650150178491022e-05 0.0
6.339572769844456e-05 0.0
7.113117640155692e-05 0.0
7.981049259875514e-05 0.0
8.95488455427335e-05 0.0
0.00010047545726038329 0.00432239368444
0.00011273531725057821 0.0
0.00012649110640673515 0.0
0.0001419253556934301 0.00612004077469
0.00015924286822139878 0.00818173812279
0.0001786734368603854 0.0072919817775
0.000200474893450909 0.0108316426668
0.00022493653007613966 0.0154459387012
0.00025238293779207717 0.0206493110368
0.0002831783137536549 0.0245382904444
0.0003177312938897129 0.0300709397708
0.00035650037525349835 0.0414193459802
0.0004 0.0564582826474
0.0004488073817207852 0.0735424192403
0.0005035701647176664 0.102629279825
0.0005650150178491022 0.136818341702
0.0006339572769844457 0.176743734001
0.0007113117640155692 0.228347321735
0.0007981049259875514 0.294933161702
0.0008954884554273352 0.357430663927
0.001004754572603833 0.446071028234
0.001127353172505782 0.558203693062
0.0012649110640673518 0.700070126475
0.0014192535569343013 0.873635820587
0.0015924286822139879 1.07753491077
0.001786734368603854 1.30793846482
0.00200474893450909 1.58835208065
0.0022493653007613964 1.91664791859
0.002523829377920772 2.29637546488
0.002831783137536549 2.73479247003
0.0031773129388971287 3.24465440127
0.0035650037525349837 3.84676084711
0.004 4.5374001733
0.004488073817207852 5.33192216126
0.00503570164717667 6.23132214724
0.005650150178491017 7.24591474938
0.006339572769844457 8.38813430608
0.007113117640155691 9.65121555847
0.007981049259875516 11.0304458319
0.00895488455427336 12.5118676655
0.010047545726038318 14.1085955536
0.01127353172505782 15.816657341
0.012649110640673518 17.6170467119
0.014192535569343013 19.4852612203
0.015924286822139894 21.3521819761
0.017867343686038522 23.2540812752
0.020047489345090902 25.1608877405
0.022493653007613964 27.0265312425
0.02523829377920772 28.8031044858
0.02831783137536552 30.4617264027
0.031773129388971255 31.9586293464
0.035650037525349836 33.3070381517
0.04 34.4805389567
0.04488073817207852 35.4384468041
0.0503570164717667 36.1513363047
0.05650150178491016 36.6303438782
0.06339572769844457 36.7948188182
0.07113117640155692 36.6878070958
0.07981049259875515 36.3197727438
0.0895488455427336 35.7052233606
0.10047545726038318 34.8596296017
0.1127353172505782 33.7968336087
0.12649110640673517 32.4922734085
0.14192535569343012 31.021752282
0.15924286822139894 29.4120612913
0.17867343686038523 27.6933036644
0.200474893450909 25.8961114824
0.22493653007613965 24.0494230949
0.2523829377920772 22.1393395095
0.2831783137536552 20.2417032679
0.31773129388971255 18.375024072
0.35650037525349837 16.5613963593
0.4 14.8229592487
0.44880738172078544 13.179240847
0.503570164717667 11.6235145303
0.5650150178491016 10.1831232226
0.6339572769844454 8.86776336601
0.7113117640155692 7.67843146285
0.7981049259875519 6.61226490192
0.8954884554273359 5.66519357656
1.0047545726038318 4.82345895976
1.1273531725057815 4.08872956343
1.2649110640673515 3.4504101222
1.419253556934302 2.89880872128
1.5924286822139893 2.42477290975
1.786734368603852 2.01956612635
2.004748934509089 1.67155664359
2.2493653007613963 1.37718750422
2.523829377920773 1.12883898384
2.831783137536552 0.920288185665
3.1773129388971255 0.746131775912
3.565003752534982 0.601517081219
4.0 0.4807889634
4.488073817207854 0.38140579143
5.035701647176669 0.300167099125
5.6501501784910175 0.234157366585
6.3395727698444535 0.18089207385
7.113117640155692 0.138302829289
7.981049259875519 0.104019008201
8.954884554273358 0.0770992976488
10.04754572603832 0.0561883947897
11.273531725057815 0.0401645470527
12.649110640673518 0.0280859619911
14.192535569343018 0.0191565538303
15.924286822139887 0.0125743769586
17.867343686038527 0.00794869765638
20.047489345090888 0.00479843936466
22.493653007613965 0.00276486164237
25.23829377920773 0.00146828646903
28.317831375365515 0.000714079588365
31.77312938897126 0.00031309315745
35.65003752534982 0.00013344338702
40.0 7.37649177513e-05
