E(GeV) dN/dE (GeV^-1)
5.035701647176665e-07 0.0
5.650150178491022e-07 0.0
6.339572769844444e-07 0.0
7.113117640155691e-07 0.0
7.981049259875531e-07 0.0
8.954884554273351e-07 0.0
1.0047545726038327e-06 0.0
1.1273531725057796e-06 0.0
1.2649110640673519e-06 0.0
1.4192535569343042e-06 0.0
1.5924286822139875e-06 0.0
1.786734368603854e-06 0.0
2.0047489345090858e-06 0.0
2.2493653007613966e-06 0.0
2.523829377920777e-06 0.0
2.8317831375365495e-06 0.0
3.1773129388971288e-06 0.0
3.5650037525349765e-06 0.0
4e-06 0.0
4.488073817207852e-06 0.0
5.0357016471766645e-06 0.0
5.650150178491022e-06 0.0
6.339572769844457e-06 0.0
7.113117640155692e-06 0.0
7.981049259875515e-06 0.0
8.954884554273352e-06 0.0
1.0047545726038329e-05 0.0
1.127353172505782e-05 0.0
1.2649110640673517e-05 0.0
1.4192535569343013e-05 0.0
1.5924286822139876e-05 0.0
1.786734368603854e-05 0.0
2.00474893450909e-05 0.0
2.249365300761396e-05 0.0
2.523829377920772e-05 0.0
2.8317831375365493e-05 0.0
3.177312938897129e-05 0.0
3.565003752534984e-05 0.0
3.9999999999999996e-05 0.0217147240952
4.488073817207852e-05 0.00967663411056
5.0357016471766645e-05 0.00862430922902
5.650150178491022e-05 0.0153728473822
6.339572769844456e-05 0.0205515969768
7.11311764015569e-05 0.0244221734476
7.981049259875514e-05 0.0272078562456
8.95488455427335e-05 0.0339486383649
0.00010047545726038329 0.0432239368444
0.0001127353172505782 0.0539327239673
0.00012649110640673515 0.0652345875577
0.00014192535569343013 0.0979206523951
0.00015924286822139878 0.111817087678
0.0001786734368603854 0.123963690218
0.000200474893450909 0.142977683201
0.00022493653007613963 0.175697552727
0.00025238293779207717 0.223700869565
0.0002831783137536549 0.288324912722
0.0003177312938897129 0.334880920175
0.00035650037525349835 0.395920218929
0.00039999999999999996 0.482066874913
0.0004488073817207852 0.594145334389
0.0005035701647176664 0.717542527854
0.0005650150178491022 0.84781253313
0.0006339572769844457 1.00976846479
0.0007113117640155692 1.19058095557
0.0007981049259875515 1.3892331399
0.000895488455427335 1.62710973877
0.001004754572603833 1.92476190768
0.001127353172505782 2.25361739435
0.0012649110640673518 2.64131411622
0.001419253556934301 3.09582262588
0.0015924286822139877 3.61087375819
0.001786734368603854 4.19216032389
0.00200474893450909 4.85799173604
0.0022493653007613964 5.62792084003
0.002523829377920772 6.46461097524
0.0028317831375365495 7.3752899217
0.0031773129388971287 8.40756138775
0.0035650037525349837 9.59028409691
0.004 10.9260891493
0.004488073817207852 12.3858013625
0.005035701647176665 13.9495614487
0.005650150178491022 15.6606270852
0.006339572769844456 17.5371572376
0.007113117640155692 19.5815765594
0.007981049259875514 21.7786373632
0.008954884554273351 24.096355527
0.010047545726038328 26.4880607376
0.01127353172505782 28.9759723254
0.012649110640673518 31.5128378775
0.014192535569343013 34.1016628019
0.015924286822139876 36.7453586253
0.01786734368603854 39.364767055
0.020047489345090902 41.8816728618
0.022493653007613964 44.3391116358
0.025238293779207718 46.6957324992
0.028317831375365494 48.8950588853
0.03177312938897129 50.8944094689
0.035650037525349836 52.7010377989
0.04 54.149855473
0.04488073817207852 55.3237073387
0.0503570164717667 56.218387643
0.05650150178491016 56.811372109
0.06339572769844457 57.0760252841
0.0711311764015569 56.9975612843
0.07981049259875515 56.5189341947
0.0895488455427336 55.7181687677
0.10047545726038318 54.6114818361
0.1127353172505782 53.2205192333
0.12649110640673517 51.5705817485
0.14192535569343012 49.6889751922
0.15924286822139894 47.5386666482
0.17867343686038523 45.2373937474
0.20047489345090902 42.8133327762
0.22493653007613965 40.3007728931
0.2523829377920772 37.7320317726
0.2831783137536552 35.1317188795
0.31773129388971255 32.495103113
0.35650037525349837 29.8970735451
0.4 27.3678430785
0.4488073817207852 24.9309381823
0.503570164717667 22.6044326423
0.5650150178491016 20.4019544951
0.6339572769844456 18.3114674259
0.7113117640155691 16.3669957683
0.7981049259875516 14.5733532915
0.8954884554273359 12.9285634374
1.0047545726038318 11.4280151316
1.127353172505782 10.0668437961
1.2649110640673518 8.83412037808
1.4192535569343012 7.72629749636
1.5924286822139893 6.73612999547
1.7867343686038522 5.85539403804
2.00474893450909 5.0753045999
2.2493653007613963 4.38687519105
2.523829377920772 3.78008800172
2.831783137536552 3.2463938947
3.1773129388971255 2.78032806347
3.5650037525349836 2.37479464769
4.0 2.02281536269
4.488073817207854 1.71832539919
5.03570164717667 1.45475632887
5.650150178491016 1.22833493337
6.3395727698444535 1.03424459473
7.113117640155692 0.868356691822
7.98104925987552 0.726949025919
8.95488455427336 0.606597665168
10.047545726038317 0.504373116759
11.273531725057815 0.418080004268
12.649110640673516 0.34550132807
14.19253556934302 0.284610078811
15.924286822139894 0.23364254106
17.86734368603852 0.191104952726
20.047489345090888 0.155553826909
22.493653007613965 0.126100141564
25.238293779207734 0.101755072655
28.31783137536552 0.0817112189197
31.773129388971256 0.0652765198448
35.65003752534982 0.0518461181335
40.0 0.040869477652
44.880738172078544 0.0319782372723
50.35701647176669 0.024818640381
56.50150178491018 0.0190930072709
63.39572769844454 0.014544269273
71.13117640155691 0.0109511101624
79.81049259875519 0.0081153580228
89.54884554273357 0.00592380945381
100.47545726038321 0.00424923284893
112.73531725057815 0.00298872042202
126.49110640673517 0.00205541481817
141.9253556934302 0.00137625640929
159.24286822139888 0.000885329518791
178.67343686038527 0.00054783200698
200.4748934509089 0.000323835787137
224.93653007613963 0.000182821991953
252.3829377920773 9.58781926955e-05
283.1783137536552 4.68129235954e-05
317.7312938897126 2.14392131957e-05
356.50037525349825 9.92724265862e-06
400.0 5.933548359e-06
