E(GeV) dN/dE (GeV^-1)
5.035701647176665e-06 0.0
5.650150178491022e-06 0.0
6.339572769844444e-06 0.0
7.113117640155692e-06 0.0
7.981049259875532e-06 0.0
8.95488455427335e-06 0.0
1.0047545726038327e-05 0.0
1.1273531725057797e-05 0.0
1.2649110640673518e-05 0.0
1.419253556934304e-05 0.0
1.5924286822139876e-05 0.0
1.7867343686038542e-05 0.0
2.004748934509086e-05 0.0
2.2493653007613965e-05 0.0
2.5238293779207773e-05 0.0344155183946
2.8317831375365493e-05 0.0613457261111
3.177312938897129e-05 0.0683430449337
3.565003752534976e-05 0.0730929634945
4e-05 0.0651441722855
4.488073817207852e-05 0.0483831705528
5.0357016471766645e-05 0.0603701646031
5.650150178491021e-05 0.0768642369112
6.339572769844456e-05 0.116459049535
7.113117640155692e-05 0.15874412741
7.981049259875514e-05 0.195896564968
8.954884554273352e-05 0.203691830189
0.00010047545726038329 0.229086865275
0.00011273531725057821 0.261958944984
0.00012649110640673515 0.312439340408
0.00014192535569343013 0.373322487256
0.00015924286822139875 0.444541104672
0.0001786734368603854 0.51530004561
0.000200474893450909 0.584908704005
0.00022493653007613963 0.68348278753
0.00025238293779207717 0.820810113711
0.0002831783137536549 0.981531617777
0.0003177312938897129 1.14406257219
0.00035650037525349835 1.34734696042
0.00039999999999999996 1.5515170366
0.0004488073817207852 1.80953057868
0.0005035701647176664 2.12502979403
0.0005650150178491022 2.47964028275
0.0006339572769844457 2.85324671361
0.0007113117640155691 3.28050844835
0.0007981049259875515 3.70190092077
0.0008954884554273351 4.23145528191
0.001004754572603833 4.85231915015
0.001127353172505782 5.55699673735
0.0012649110640673518 6.34045857067
0.0014192535569343013 7.17972583483
0.0015924286822139877 8.15010206872
0.001786734368603854 9.20904378681
0.00200474893450909 10.3715144863
0.002249365300761396 11.660525274
0.002523829377920772 13.0963092923
0.0028317831375365495 14.6740510501
0.0031773129388971287 16.4296680021
0.0035650037525349837 18.3074727449
0.004 20.333016201
0.004488073817207852 22.5260430133
0.005035701647176665 24.8919125123
0.005650150178491022 27.4110167103
0.006339572769844456 30.0571901158
0.007113117640155692 32.8905620906
0.007981049259875516 35.8695316971
0.008954884554273351 38.9587784148
0.01004754572603833 42.1354716668
0.011273531725057821 45.3968687918
0.012649110640673518 48.6458096157
0.014192535569343011 51.9470896968
0.015924286822139876 55.2573593019
0.01786734368603854 58.5239630433
0.0200474893450909 61.7014126135
0.022493653007613964 64.7727177105
0.025238293779207718 67.6040547274
0.028317831375365494 70.2225600344
0.03177312938897129 72.5946657591
0.035650037525349836 74.7046389753
0.04 76.5328502022
0.04488073817207852 78.0299970156
0.050357016471766644 79.052729708
0.05650150178491022 79.6837554767
0.06339572769844457 79.953487594
0.07113117640155692 79.8511473758
0.07981049259875514 79.3518759874
0.08954884554273351 78.4452690137
0.10047545726038329 77.0919790781
0.1127353172505782 75.4036611227
0.1264911064067352 73.4104452831
0.14192535569343012 71.1354646791
0.15924286822139877 68.6049350583
0.1786734368603854 65.8565101154
0.200474893450909 62.8537022573
0.22493653007613962 59.7258943225
0.25238293779207716 56.5033378731
0.28317831375365493 53.2185691674
0.3177312938897129 49.9059817792
0.35650037525349837 46.6011376234
0.4 43.3010121117
0.4488073817207852 40.0734906773
0.503570164717667 36.9464493194
0.5650150178491016 33.9410809858
0.6339572769844457 31.0726027342
0.7113117640155691 28.3510350406
0.7981049259875515 25.759867196
0.895488455427336 23.3387053353
1.0047545726038318 21.085001635
1.127353172505782 18.9949971306
1.2649110640673518 17.0647696636
1.4192535569343012 15.2907339903
1.5924286822139895 13.6559571934
1.7867343686038522 12.1672498499
2.0047489345090903 10.8152294786
2.2493653007613963 9.59041770681
2.523829377920772 8.48386356589
2.831783137536552 7.48741779326
3.177312938897125 6.58994379953
3.5650037525349836 5.78751546809
4.0 5.07147294384
4.4880738172078525 4.43408137453
5.03570164717667 3.86825684761
5.650150178491016 3.36740131201
6.339572769844456 2.92363209696
7.113117640155691 2.53278325061
7.981049259875515 2.18951109308
8.95488455427336 1.88886979342
10.047545726038317 1.62617250802
11.273531725057818 1.39695763448
12.649110640673518 1.19673637123
14.192535569343013 1.02313247401
15.924286822139894 0.872821850271
17.86734368603852 0.74289852326
20.0474893450909 0.630914568139
22.493653007613965 0.534838777131
25.238293779207723 0.452232112006
28.31783137536552 0.381465116472
31.773129388971256 0.321044638362
35.65003752534984 0.269593516117
40.0 0.225884844205
44.880738172078544 0.188848010752
50.3570164717667 0.157476617909
56.50150178491016 0.130997282371
63.39572769844454 0.108712296318
71.13117640155691 0.0900050078971
79.81049259875519 0.0743393563065
89.5488455427336 0.0612541877753
100.47545726038318 0.0503149663227
112.73531725057815 0.0412113812249
126.49110640673517 0.0336602128637
141.9253556934302 0.027411378048
159.24286822139894 0.0222521677151
178.6734368603852 0.0180051863974
200.4748934509089 0.014509927705
224.93653007613963 0.0116437046468
252.3829377920773 0.00930464322187
283.17831375365523 0.00740203972558
317.73129388971256 0.00585902190495
356.5003752534982 0.00461211361322
400.0 0.00360128927492
448.80738172078543 0.00279188699097
503.5701647176669 0.00214701833284
565.0150178491018 0.00163609832663
633.9572769844453 0.00123407064936
711.3117640155692 0.000920437526198
798.104925987552 0.000675558010807
895.4884554273358 0.000488150380932
1004.754572603832 0.000346432073499
1127.3531725057815 0.000240969099284
1264.9110640673518 0.000163821903034
1419.253556934302 0.000108355015914
1592.4286822139888 6.89158711067e-05
1786.7343686038525 4.21697736854e-05
2004.748934509089 2.47236576526e-05
2249.365300761396 1.38988348661e-05
2523.829377920773 7.32895671972e-06
2831.7831375365517 3.68657141065e-06
3177.312938897126 1.83747110609e-06
3565.003752534982 9.60076075501e-07
4000.0 6.27881247212e-07
