E(GeV) dN/dE (GeV^-1)
5.665164353073748e-07 0.0
6.3564189508024e-07 0.0
7.132019366074999e-07 0.0
8.002257345175153e-07 0.0
8.978680417359972e-07 0.0
1.007424512355752e-06 0.0
1.130348894179312e-06 0.0
1.2682723190690021e-06 0.0
1.4230249470757708e-06 0.0
1.5966602515510921e-06 0.0
1.791482267490736e-06 0.0
2.0100761646793356e-06 0.0
2.255342551322722e-06 0.0
2.530535963356571e-06 0.0
2.8393080501608743e-06 0.0
3.1857560297286183e-06 0.0
3.57447705625927e-06 0.0
4.0106292216018485e-06 0.0
4.5e-06 0.0
5.049083044358833e-06 0.0
5.665164353073747e-06 0.0
6.3564189508023996e-06 0.0
7.132019366075014e-06 0.0
8.002257345175152e-06 0.0
8.978680417359953e-06 0.0
1.007424512355752e-05 0.0
1.130348894179312e-05 0.0
1.2682723190690048e-05 0.0
1.4230249470757706e-05 0.0
1.596660251551089e-05 0.0
1.7914822674907362e-05 0.0242421870305
2.0100761646793355e-05 0.0432117438667
2.2553425513227263e-05 0.0
2.5305359633565707e-05 0.0
2.8393080501608683e-05 0.0
3.185756029728618e-05 0.0
3.57447705625927e-05 0.0121498746549
4.0106292216018566e-05 0.0216571743688
4.4999999999999996e-05 0.0289529654602
5.049083044358834e-05 0.0172029050854
5.665164353073748e-05 0.015332105296
6.3564189508024e-05 0.0136647532287
7.132019366075013e-05 0.0243574482688
8.002257345175153e-05 0.0379900475852
8.978680417359955e-05 0.0338586655501
0.0001007424512355752 0.0431093820506
0.00011303488941793121 0.053789788073
0.00012682723190690046 0.0684859986887
0.00014230249470757706 0.0885054053415
0.00015966602515510888 0.122400815494
0.0001791482267490736 0.152725778292
0.00020100761646793357 0.183649911433
0.00022553425513227262 0.215670040654
0.00025305359633565706 0.259148527099
0.00028393080501608683 0.312034033444
0.00031857560297286183 0.354441973086
0.000357447705625927 0.438610475041
0.00040106292216018566 0.521937902287
0.00045 0.612837768908
0.0005049083044358834 0.725962594606
0.0005665164353073748 0.86856376502
0.0006356418950802399 1.02895591812
0.0007132019366075013 1.22822432895
0.0008002257345175153 1.46533040686
0.0008978680417359954 1.74178649494
0.0010074245123557518 2.04985111651
0.001130348894179312 2.38826659044
0.0012682723190690047 2.80347435632
0.0014230249470757706 3.28507649343
0.0015966602515510887 3.81727343253
0.001791482267490736 4.40310843035
0.0020100761646793357 5.06960179044
0.002255342551322726 5.84908704005
0.002530535963356571 6.73322792295
0.0028393080501608685 7.72085387557
0.003185756029728618 8.79275108542
0.0035744770562592698 10.0006833272
0.004010629221601857 11.3653602511
0.0045000000000000005 12.878858096
0.005049083044358834 14.5236386329
0.005665164353073748 16.2592377033
0.0063564189508023995 18.1619601637
0.007132019366075014 20.2286781064
0.008002257345175153 22.4412095521
0.008978680417359953 24.778835579
0.010074245123557521 27.2404305334
0.01130348894179312 29.7663466089
0.012682723190690047 32.3566894825
0.014230249470757707 35.0088319076
0.01596660251551089 37.6883806983
0.017914822674907363 40.3420779765
0.020100761646793357 42.9204751072
0.022553425513227265 45.3794028415
0.02530535963356571 47.740444635
0.028393080501608683 49.9406340665
0.03185756029728618 51.9412218125
0.0357447705625927 53.7195894477
0.040106292216018566 55.2569701428
0.045000000000000005 56.4480429486
0.05049083044358833 57.3273737765
0.05665164353073753 57.8906258704
0.06356418950802394 58.1245241486
0.07132019366075014 58.0185709975
0.08002257345175152 57.5772710939
0.08978680417359955 56.7644155661
0.10074245123557529 55.6331188067
0.11303488941793108 54.2113194315
0.12682723190690048 52.5318497128
0.14230249470757708 50.6262088546
0.1596660251551089 48.5195418208
0.1791482267490738 46.1792378291
0.20100761646793336 43.7072486124
0.22553425513227263 41.1500806086
0.2530535963356571 38.5367778303
0.28393080501608686 35.8948212711
0.3185756029728621 33.2609915268
0.3574477056259266 30.6238538367
0.4010629221601857 28.0574833756
0.45 25.5772668348
0.5049083044358834 23.2061710477
0.5665164353073754 20.9617653505
0.6356418950802393 18.8491107273
0.7132019366075013 16.8650983992
0.8002257345175152 15.0325798795
0.8978680417359955 13.3511789888
1.007424512355753 11.8152672563
1.1303488941793107 10.4193263091
1.2682723190690046 9.16044440173
1.4230249470757708 8.02208019401
1.596660251551089 7.00464017232
1.791482267490738 6.09785184714
2.010076164679334 5.29316012398
2.255342551322726 4.58192522613
2.530535963356571 3.95473764238
2.8393080501608687 3.40230422932
3.1857560297286214 2.91883142058
3.574477056259266 2.49714113905
4.010629221601857 2.13048976876
4.5 1.81274294774
5.049083044358836 1.53841468685
5.665164353073754 1.30112569196
6.356418950802393 1.09732354812
7.132019366075011 0.922930690779
8.002257345175153 0.774062252753
8.978680417359959 0.64736423859
10.07424512355753 0.540079080362
11.303488941793107 0.448717255279
12.68272319069004 0.371682075633
14.230249470757705 0.306889013843
15.966602515510898 0.252573049165
17.91482267490738 0.207190239292
20.100761646793334 0.169372275931
22.55342551322725 0.137777108271
25.30535963356571 0.111643571014
28.393080501608697 0.0900337493617
31.85756029728621 0.0722409588189
35.74477056259266 0.0576690034033
40.106292216018545 0.045785064161
45.0 0.0360722197882
50.490830443588365 0.0282165403778
56.65164353073753 0.0218902983456
63.56418950802395 0.0168269547676
71.3201936607501 0.0128062450742
80.02257345175153 0.00964361619216
89.78680417359959 0.0071413101184
100.74245123557527 0.00521145439766
113.03488941793111 0.0037366613136
126.82723190690042 0.00262522242323
142.30249470757707 0.00180290088546
159.66602515510897 0.00120797908815
179.14822674907373 0.000777076032606
201.00761646793342 0.000480518912972
225.5342551322725 0.000283970046653
253.0535963356571 0.000160330559934
283.93080501608694 8.37581943009e-05
318.57560297286204 4.08971507407e-05
357.4477056259267 1.883473569e-05
401.0629221601855 8.81880140296e-06
450.0 5.35436841244e-06
