E(GeV) dN/dE (GeV^-1)
6.294627058970831e-08 0.0
7.062687723113777e-08 0.0
7.924465962305555e-08 0.0
8.891397050194613e-08 0.0
9.976311574844413e-08 0.0
1.1193605692841689e-07 0.0
1.255943215754791e-07 0.0
1.4091914656322245e-07 0.0
1.5811388300841899e-07 0.0
1.7740669461678803e-07 0.0
1.9905358527674843e-07 0.0
2.2334179607548174e-07 0.0
2.505936168136357e-07 0.0
2.8117066259517457e-07 0.0
3.154786722400971e-07 0.0
3.539728921920687e-07 0.0
3.971641173621411e-07 0.0
4.4562546906687206e-07 0.0
5e-07 0.0
5.610092271509815e-07 0.0
6.294627058970831e-07 0.0
7.062687723113777e-07 0.0
7.924465962305571e-07 0.0
8.891397050194615e-07 0.0
9.976311574844394e-07 0.0
1.119360569284169e-06 0.0
1.2559432157547911e-06 0.0
1.4091914656322276e-06 0.0
1.5811388300841896e-06 0.0
1.7740669461678767e-06 0.0
1.9905358527674846e-06 0.0
2.2334179607548173e-06 0.0
2.5059361681363625e-06 0.0
2.811706625951745e-06 0.0
3.154786722400965e-06 0.0
3.5397289219206866e-06 0.0
3.971641173621411e-06 0.0
4.45625469066873e-06 0.0
4.9999999999999996e-06 0.0
5.610092271509815e-06 0.0
6.2946270589708306e-06 0.0
7.0626877231137775e-06 0.0
7.92446596230557e-06 0.0
8.891397050194613e-06 0.0
9.976311574844393e-06 0.0
1.1193605692841688e-05 0.0
1.2559432157547911e-05 0.0
1.4091914656322274e-05 0.0
1.5811388300841894e-05 0.0
1.7740669461678767e-05 0.0
1.9905358527674847e-05 0.0
2.2334179607548174e-05 0.0
2.5059361681363626e-05 0.0
2.8117066259517454e-05 0.0
3.1547867224009646e-05 0.0
3.5397289219206866e-05 0.0
3.971641173621411e-05 0.0109348871894
4.4562546906687294e-05 0.0
4.9999999999999996e-05 0.0
5.610092271509815e-05 0.0
6.29462705897083e-05 0.0
7.062687723113777e-05 0.0
7.924465962305571e-05 0.0
8.891397050194615e-05 0.0
9.976311574844394e-05 0.0
0.00011193605692841688 0.0
0.0001255943215754791 0.0
0.00014091914656322275 0.00616373988198
0.00015811388300841897 0.0109868779045
0.00017740669461678763 0.0122400815494
0.00019905358527674846 0.0152725778292
0.00022334179607548174 0.021389813214
0.00025059361681363626 0.0294620680536
0.00028117066259517455 0.0339810651427
0.0003154786722400965 0.0454284842809
0.0003539728921920687 0.0625726406333
0.0003971641173621411 0.0831051426394
0.00044562546906687297 0.105253867432
0.0005 0.135499878354
0.0005610092271509815 0.187339636381
0.0006294627058970831 0.220782316263
0.0007062687723113777 0.279785822357
0.000792446596230557 0.359515936448
0.0008891397050194615 0.454252426126
0.0009976311574844392 0.558087547309
0.0011193605692841689 0.672377031844
0.001255943215754791 0.819525842569
0.0014091914656322274 1.0025322918
0.0015811388300841897 1.21597271208
0.0017740669461678766 1.46244494352
0.0019905358527674845 1.76049186434
0.0022334179607548174 2.14481490682
0.0025059361681363627 2.5567875882
0.0028117066259517455 3.04084195211
0.0031547867224009647 3.60110218274
0.0035397289219206867 4.23813083411
0.003971641173621411 4.95536282762
0.0044562546906687294 5.77570851805
0.005 6.73312792964
0.005610092271509815 7.82297808034
0.0062946270589708374 9.03648221569
0.00706268772311377 10.3728595169
0.00792446596230557 11.8353084713
0.008891397050194613 13.4188120451
0.009976311574844394 15.0645764438
0.0111936056928417 16.8304933511
0.012559432157547897 18.6876789093
0.014091914656322275 20.6063686238
0.015811388300841896 22.5651794465
0.017740669461678765 24.5636894153
0.019905358527674867 26.5118642154
0.022334179607548153 28.4167363152
0.025059361681363627 30.2358632751
0.028117066259517456 31.9521020809
0.03154786722400965 33.5520605705
0.0353972892192069 34.9950375344
0.03971641173621407 36.1727271063
0.044562546906687296 37.1445965947
0.05 37.8806239411
0.05610092271509815 38.3637049077
0.06294627058970838 38.5863806928
0.0706268772311377 38.546400203
0.0792446596230557 38.182307824
0.08891397050194613 37.5424146535
0.09976311574844395 36.6645321968
0.11193605692841699 35.5690902907
0.12559432157547898 34.2740783872
0.14091914656322274 32.8082097959
0.15811388300841897 31.1374739406
0.17740669461678765 29.3452062801
0.19905358527674866 27.4722257273
0.22334179607548152 25.5467872952
0.25059361681363623 23.593352344
0.28117066259517454 21.6386850831
0.3154786722400965 19.6874840247
0.353972892192069 17.7907255728
0.3971641173621407 15.9691375737
0.44562546906687295 14.2400530121
0.5 12.616847077
0.5610092271509818 11.1087689918
0.6294627058970838 9.70745071393
0.706268772311377 8.43907706912
0.7924465962305567 7.2975328481
0.8891397050194615 6.27986737065
0.99763115748444 5.38045718008
1.11936056928417 4.58901863651
1.2559432157547896 3.89263779051
1.4091914656322269 3.28804118449
1.5811388300841895 2.76612669724
1.7740669461678775 2.31768636956
1.9905358527674868 1.93389169488
2.233417960754815 1.60657059194
2.505936168136361 1.32730290675
2.8117066259517456 1.09132878299
3.1547867224009667 0.89269366932
3.53972892192069 0.726485657247
3.971641173621407 0.588138484274
4.456254690668728 0.473268167472
5.0 0.377783562765
5.610092271509818 0.299215228813
6.294627058970836 0.235094529915
7.062687723113773 0.183062141809
7.924465962305567 0.141115047047
8.891397050194614 0.107623927015
9.976311574844399 0.0807764684573
11.193605692841697 0.0597591479394
12.559432157547901 0.0434868075387
14.091914656322269 0.0310416110627
15.811388300841896 0.0216720012073
17.740669461678774 0.0147609508246
19.90535852767486 0.00966701813465
22.33417960754816 0.00608754084071
25.05936168136361 0.00366163247084
28.117066259517454 0.00210055498774
31.547867224009664 0.00111299786488
35.3972892192069 0.000540001888665
39.71641173621408 0.000237954080129
44.56254690668728 0.000102105997138
50.0 5.71184102599e-05
