E(GeV) dN/dE (GeV^-1)
6.294627058970831e-06 0.0
7.0626877231137775e-06 0.0
7.924465962305555e-06 0.0
8.891397050194615e-06 0.0
9.976311574844413e-06 0.0
1.1193605692841688e-05 0.0
1.255943215754791e-05 0.0345791494755
1.4091914656322247e-05 0.0308186994099
1.5811388300841898e-05 0.0549343895223
1.77406694616788e-05 0.0489603261975
1.9905358527674844e-05 0.0436359366549
2.2334179607548174e-05 0.03889056948
2.5059361681363575e-05 0.0519918848004
2.8117066259517454e-05 0.0463378161037
3.1547867224009714e-05 0.0550648294314
3.5397289219206866e-05 0.0858840165555
3.971641173621411e-05 0.109348871894
4.4562546906687206e-05 0.107203013125
5e-05 0.0955447860187
5.610092271509815e-05 0.108378302038
6.29462705897083e-05 0.117290605515
7.062687723113777e-05 0.153728473822
7.924465962305571e-05 0.186334479256
8.891397050194613e-05 0.214915126339
9.976311574844394e-05 0.256842162958
0.00011193605692841689 0.30650770638
0.0001255943215754791 0.345791494755
0.00014091914656322275 0.40372496227
0.00015811388300841897 0.48067590832
0.00017740669461678766 0.572835816511
0.00019905358527674846 0.680720611816
0.00022334179607548174 0.803090259762
0.00025059361681363626 0.965315994461
0.00028117066259517455 1.13064271293
0.0003154786722400965 1.31054294047
0.00035397289219206863 1.51155869138
0.0003971641173621411 1.73646008568
0.00044562546906687297 1.98130659713
0.0005 2.31305241062
0.0005610092271509815 2.63901165463
0.0006294627058970831 2.99780988801
0.0007062687723113777 3.43183444961
0.000792446596230557 3.96782832299
0.0008891397050194614 4.57036553899
0.0009976311574844395 5.18951766886
0.0011193605692841689 5.91637470201
0.0012559432157547912 6.73982202427
0.0014091914656322274 7.6562894944
0.0015811388300841897 8.65848380455
0.0017740669461678766 9.72058316326
0.0019905358527674845 10.9543655378
0.0022334179607548174 12.3415333188
0.0025059361681363623 13.8584368936
0.002811706625951745 15.4939755706
0.0031547867224009647 17.263374675
0.0035397289219206867 19.2255051803
0.003971641173621411 21.3183280178
0.0044562546906687294 23.5587392499
0.005 25.9791484719
0.005610092271509815 28.5678236996
0.0062946270589708305 31.2974112087
0.007062687723113777 34.1770987744
0.00792446596230557 37.1751535224
0.008891397050194615 40.31592855
0.009976311574844394 43.5594731212
0.011193605692841687 46.9048355089
0.012559432157547911 50.3360379919
0.014091914656322275 53.7401379147
0.015811388300841896 57.0592242418
0.017740669461678765 60.3654628241
0.019905358527674846 63.5967377003
0.022334179607548174 66.7077493308
0.025059361681363624 69.6579820386
0.028117066259517456 72.3948521118
0.03154786722400965 74.7890375675
0.035397289219206866 76.8838010406
0.03971641173621411 78.6941184961
0.044562546906687296 80.1915571946
0.05 81.3323166947
0.05610092271509815 82.0901539916
0.06294627058970831 82.3587241118
0.07062687723113778 82.2326258404
0.0792446596230557 81.704556272
0.08891397050194615 80.7947871879
0.09976311574844393 79.524789532
0.11193605692841689 77.8923533604
0.12559432157547912 75.843855916
0.14091914656322274 73.519033705
0.15811388300841897 70.9420371579
0.17740669461678768 68.140925668
0.19905358527674846 65.1513203068
0.22334179607548174 62.0186861452
0.25059361681363623 58.7118133811
0.28117066259517454 55.3459802299
0.31547867224009646 51.9507082105
0.3539728921920687 48.5592057578
0.3971641173621411 45.2060286655
0.44562546906687295 41.9250157711
0.5 38.7026330845
0.5610092271509816 35.6001294257
0.6294627058970838 32.6341267034
0.7062687723113771 29.8176685584
0.7924465962305571 27.1594050773
0.8891397050194614 24.6633658557
0.9976311574844394 22.315103589
1.11936056928417 20.1360788644
1.2559432157547898 18.121033499
1.4091914656322275 16.2645945013
1.5811388300841898 14.5612251595
1.7740669461678766 13.0051627795
1.9905358527674868 11.5805327198
2.233417960754815 10.287640091
2.5059361681363628 9.11878561957
2.8117066259517456 8.06468047035
3.154786722400965 7.11634535616
3.53972892192069 6.26604778978
3.9716411736214066 5.5026050525
4.45625469066873 4.82138817233
5.0 4.21547122386
5.610092271509815 3.67818663038
6.294627058970837 3.20282124046
7.06268772311377 2.78257693686
7.92446596230557 2.41132561421
8.891397050194614 2.08537793493
9.976311574844395 1.79970909937
11.1936056928417 1.54987658649
12.559432157547898 1.33188084711
14.091914656322274 1.14208435536
15.811388300841896 0.976814226726
17.740669461678767 0.833879570592
19.905358527674867 0.710382248847
22.33417960754815 0.603898868705
25.059361681363622 0.51229730562
28.117066259517454 0.433645655794
31.54786722400965 0.366067338015
35.397289219206904 0.308386817801
39.71641173621407 0.25924245749
44.562546906687295 0.217445407096
50.0 0.181980757747
56.10092271509818 0.151990241705
62.94627058970838 0.126569513613
70.6268772311377 0.105159204644
79.24465962305567 0.0871723607118
88.91397050194615 0.0720998682329
99.763115748444 0.0594983272279
111.93605692841699 0.0489820731536
125.59432157547897 0.0401914630045
140.91914656322268 0.0328895680805
158.11388300841895 0.0268405993807
177.40669461678775 0.0218403863273
199.05358527674866 0.017715812831
223.3417960754815 0.0143218294495
250.5936168136361 0.0115287654557
281.1706625951746 0.00924492719758
315.47867224009667 0.00738229664337
353.972892192069 0.00586879961422
397.1641173621407 0.00464339705704
445.62546906687277 0.00365385097414
500.0 0.00285179992695
561.0092271509818 0.00220898358302
629.4627058970837 0.00169768078289
706.2687723113772 0.00129296345986
792.4465962305567 0.000974514529361
889.1397050194614 0.000726330091637
997.6311574844399 0.00053286434093
1119.3605692841697 0.000384720713359
1255.9432157547901 0.000272692901721
1409.191465632227 0.00018943977159
1581.1388300841897 0.000128697541053
1774.0669461678774 8.51542473391e-05
1990.535852767486 5.40057988212e-05
2233.417960754816 3.30390943961e-05
2505.936168136361 1.93638575751e-05
2811.7066259517455 1.08971097537e-05
3154.786722400966 5.77630060735e-06
3539.7289219206896 2.923614615e-06
3971.6411736214072 1.46221311497e-06
4456.254690668728 7.6825577497e-07
5000.0 4.99612371982e-07
