E(GeV) dN/dE (GeV^-1)
6.294627058970832e-07 0.0
7.062687723113777e-07 0.0
7.924465962305555e-07 0.0
8.891397050194615e-07 0.0
9.976311574844415e-07 0.0
1.1193605692841688e-06 0.0
1.255943215754791e-06 0.0
1.4091914656322246e-06 0.0
1.5811388300841898e-06 0.0
1.77406694616788e-06 0.0
1.9905358527674846e-06 0.0
2.2334179607548177e-06 0.0
2.5059361681363574e-06 0.0
2.8117066259517456e-06 0.0
3.1547867224009716e-06 0.0
3.5397289219206866e-06 0.0
3.971641173621411e-06 0.0
4.45625469066872e-06 0.0
5e-06 0.0
5.610092271509815e-06 0.0
6.2946270589708306e-06 0.0
7.062687723113777e-06 0.0
7.92446596230557e-06 0.0
8.891397050194615e-06 0.0
9.976311574844393e-06 0.0
1.119360569284169e-05 0.0
1.2559432157547911e-05 0.0
1.4091914656322276e-05 0.0
1.5811388300841894e-05 0.0
1.7740669461678767e-05 0.0
1.9905358527674844e-05 0.0
2.2334179607548174e-05 0.0
2.5059361681363626e-05 0.0
2.8117066259517454e-05 0.0
3.1547867224009646e-05 0.0
3.5397289219206866e-05 0.0122691452222
3.971641173621411e-05 0.0328046615682
4.4562546906687294e-05 0.0487286423297
4.9999999999999996e-05 0.0347435585523
5.610092271509815e-05 0.0309652291538
6.29462705897083e-05 0.0413966842993
7.062687723113777e-05 0.0430439726703
7.924465962305571e-05 0.0383629810234
8.891397050194613e-05 0.0488443468953
9.976311574844394e-05 0.0565923409908
0.00011193605692841689 0.0814767320757
0.0001255943215754791 0.0933637035839
0.00014091914656322275 0.101701708053
0.00015811388300841897 0.120855656949
0.00017740669461678766 0.151777011212
0.00019905358527674846 0.189816324449
0.00022334179607548174 0.227509831458
0.00025059361681363626 0.272090863789
0.0002811706625951745 0.321275524986
0.0003154786722400965 0.374440840133
0.0003539728921920687 0.455185287744
0.0003971641173621411 0.548931336908
0.00044562546906687297 0.66953154561
0.0005 0.801707613593
0.0005610092271509815 0.942117097005
0.0006294627058970831 1.10046185762
0.0007062687723113777 1.30300254412
0.000792446596230557 1.53835553904
0.0008891397050194615 1.81603281757
0.0009976311574844395 2.12134213576
0.0011193605692841689 2.45788141762
0.0012559432157547912 2.85243404023
0.0014091914656322276 3.342596138
0.0015811388300841897 3.8923761696
0.0017740669461678764 4.49357873841
0.0019905358527674845 5.19376736035
0.0022334179607548174 6.00470392771
0.0025059361681363623 6.91110794024
0.0028117066259517455 7.90368683343
0.0031547867224009647 9.01149699851
0.0035397289219206867 10.2306267435
0.003971641173621411 11.5951356779
0.0044562546906687294 13.1154115403
0.005 14.784252753
0.005610092271509815 16.5933373467
0.0062946270589708305 18.5034899481
0.007062687723113778 20.5750804278
0.00792446596230557 22.814135989
0.008891397050194615 25.1982124311
0.009976311574844392 27.6903712514
0.011193605692841689 30.2670928268
0.012559432157547911 32.8808637073
0.014091914656322275 35.5356554481
0.0158113883008419 38.2130480316
0.017740669461678765 40.8866704869
0.019905358527674846 43.5288758843
0.022334179607548174 46.1206374709
0.025059361681363624 48.5064874884
0.028117066259517452 50.7259918428
0.031547867224009644 52.7648678695
0.035397289219206866 54.5860037435
0.03971641173621411 56.1457796928
0.044562546906687296 57.4149223998
0.05 58.320207322
0.05610092271509815 58.8835803959
0.06294627058970838 59.1152034202
0.0706268772311377 59.0257446864
0.07924465962305571 58.6196982063
0.08891397050194613 57.889440742
0.09976311574844393 56.7631932683
0.111936056928417 55.3508726295
0.12559432157547898 53.6677044647
0.14091914656322274 51.7404511942
0.15811388300841897 49.6055010404
0.17740669461678765 47.3065222671
0.19905358527674868 44.8127542305
0.22334179607548152 42.2217431534
0.2505936168136363 39.5664499688
0.28117066259517454 36.8854375926
0.3154786722400965 34.2132515099
0.353972892192069 31.574019503
0.39716411736214063 28.9603631037
0.44562546906687295 26.429210053
0.5 24.0063640506
0.5610092271509816 21.7093598666
0.6294627058970838 19.5486278969
0.706268772311377 17.5287754685
0.792446596230557 15.6453356042
0.8891397050194614 13.9139618429
0.9976311574844394 12.3299013174
1.11936056928417 10.8893671818
1.2559432157547896 9.58706642575
1.4091914656322273 8.41515990306
1.5811388300841898 7.35761823363
1.7740669461678766 6.41459882678
1.9905358527674868 5.57672266764
2.233417960754815 4.83481473401
2.5059361681363623 4.17991253464
2.8117066259517456 3.60333809193
3.1547867224009654 3.09585965846
3.53972892192069 2.65287163277
3.971641173621407 2.26740867255
4.45625469066873 1.93286379701
5.0 1.64321362607
5.610092271509818 1.39309368803
6.294627058970837 1.17720579076
7.06268772311377 0.992015191327
7.924465962305567 0.833731650925
8.891397050194614 0.698720629177
9.976311574844399 0.58384333115
11.1936056928417 0.486529886328
12.559432157547898 0.403992421979
14.091914656322269 0.334392719763
15.811388300841896 0.275893029222
17.740669461678774 0.226925359087
19.905358527674867 0.186071990178
22.33417960754815 0.152031228109
25.05936168136361 0.123596321692
28.117066259517454 0.100054388814
31.547867224009664 0.0806315673984
35.397289219206904 0.0646762223891
39.71641173621407 0.0516258222033
44.562546906687274 0.0409913525689
50.0 0.0322717715085
56.10092271509818 0.0252226809594
62.94627058970836 0.0195610579413
70.62687723113773 0.0150345586519
79.24465962305567 0.0114365198031
88.91397050194615 0.00860254941058
99.763115748444 0.00636774408874
111.93605692841697 0.00464389437952
125.594321575479 0.00332609922975
140.91914656322268 0.00233507429876
158.11388300841898 0.00160344418841
177.40669461678775 0.00107293617242
199.0535852767486 0.000689362709071
223.34179607548157 0.000426460373219
250.59361681363612 0.000251680582879
281.1706625951745 0.000141436916093
315.4786722400966 7.40773384133e-05
353.97289219206897 3.63338466611e-05
397.16411736214076 1.68276978958e-05
445.62546906687277 7.91158236865e-06
500.0 4.80503414778e-06
