E(GeV) dN/dE (GeV^-1)
6.924089764867914e-07 0.0
7.768956495425155e-07 0.0
8.71691255853611e-07 0.0
9.780536755214076e-07 0.0
1.0973942732328855e-06 0.0
1.2312966262125858e-06 0.0
1.3815375373302701e-06 0.0
1.550110612195447e-06 0.0
1.7392527130926088e-06 0.0
1.951473640784668e-06 0.0
2.189589438044233e-06 0.0
2.4567597568302994e-06 0.0
2.756529784949993e-06 0.0
3.09287728854692e-06 0.0
3.4702653946410685e-06 0.0
3.893701814112756e-06 0.0
4.368805290983552e-06 0.0
4.901880159735593e-06 0.0
5.5e-06 0.0
6.171101498660797e-06 0.0
6.924089764867913e-06 0.0
7.768956495425155e-06 0.0
8.716912558536128e-06 0.0
9.780536755214075e-06 0.0
1.0973942732328833e-05 0.0
1.2312966262125858e-05 0.0
1.3815375373302702e-05 0.0
1.5501106121954502e-05 0.0
1.7392527130926086e-05 0.0
1.9514736407846642e-05 0.0
2.189589438044233e-05 0.0
2.456759756830299e-05 0.0
2.756529784949999e-05 0.0
3.09287728854692e-05 0.0
3.4702653946410614e-05 0.0
3.8937018141127554e-05 0.0
4.368805290983552e-05 0.0
4.901880159735602e-05 0.0
5.4999999999999995e-05 0.0
6.171101498660796e-05 0.0140751041608
6.924089764867914e-05 0.0250888995753
7.768956495425155e-05 0.0335407579249
8.716912558536128e-05 0.0398576426217
9.780536755214074e-05 0.0577251372399
0.00010973942732328833 0.0712351145339
0.00012312966262125857 0.0881782814672
0.00013815375373302702 0.119455243643
0.00015501106121954501 0.151291797103
0.00017392527130926085 0.172294221684
0.0001951473640784664 0.206968651653
0.0002189589438044233 0.241981103268
0.0002456759756830299 0.288143764784
0.00027565297849499985 0.341886030354
0.000309287728854692 0.398786053741
0.00034702653946410615 0.464296629978
0.00038937018141127554 0.553226911838
0.0004368805290983552 0.671004441168
0.0004901880159735603 0.806237536728
0.0005499999999999999 0.95860636551
0.0006171101498660796 1.12671208807
0.0006924089764867913 1.31591278273
0.0007768956495425155 1.55629116771
0.0008716912558536128 1.85686792564
0.0009780536755214077 2.17934595056
0.0010973942732328834 2.54863409777
0.0012312966262125857 2.97654606921
0.0013815375373302703 3.45571445622
0.0015501106121954503 3.96720712404
0.0017392527130926086 4.57403703304
0.001951473640784664 5.25633611118
0.002189589438044233 6.05032096237
0.002456759756830299 6.97078102866
0.002756529784949999 8.00879842442
0.0030928772885469203 9.13739608278
0.0034702653946410613 10.3594464788
0.0038937018141127554 11.7226105714
0.004368805290983552 13.2237578943
0.004901880159735602 14.8668429822
0.0055000000000000005 16.6645899343
0.006171101498660797 18.6406456975
0.006924089764867913 20.7263789949
0.007768956495425155 22.9464623242
0.008716912558536127 25.3172258389
0.009780536755214076 27.8170775766
0.010973942732328832 30.4062733131
0.012312966262125859 33.0664322945
0.013815375373302703 35.7644598483
0.015501106121954503 38.4986352519
0.017392527130926087 41.1971464959
0.019514736407846643 43.8386532381
0.021895894380442333 46.4198102409
0.02456759756830299 48.9044668604
0.027565297849499987 51.1792673961
0.030928772885469198 53.2567120108
0.03470265394641061 55.1174538877
0.03893701814112755 56.7255564023
0.043688052909835524 58.0545189261
0.049018801597356026 59.1178458072
0.055 59.7660747244
0.061711014986607964 60.0698562135
0.0692408976486792 60.0259574454
0.07768956495425147 59.6444565136
0.08716912558536129 58.9399772829
0.09780536755214075 57.9229524044
0.10973942732328833 56.5209277885
0.1231296626212587 54.8484465375
0.13815375373302688 52.9331081568
0.15501106121954503 50.8068337168
0.17392527130926086 48.5038248192
0.19514736407846642 46.0587124947
0.21895894380442354 43.4562101491
0.24567597568302968 40.7771015084
0.27565297849499987 38.0648501292
0.309287728854692 35.3513136819
0.34702653946410617 32.6644367951
0.3893701814112759 30.0333717836
0.43688052909835473 27.4419185243
0.49018801597356026 24.9627372439
0.55 22.6108907586
0.6171101498660797 20.3941489165
0.6924089764867921 18.3177756412
0.7768956495425147 16.3872277913
0.8716912558536127 14.5918615403
0.9780536755214075 12.9505501723
1.0973942732328834 11.4556424922
1.2312966262125868 10.1013289908
1.3815375373302687 8.8806649504
1.5501106121954502 7.78430168648
1.7392527130926088 6.79666919892
1.9514736407846642 5.91785955275
2.1895894380442353 5.13897668987
2.4567597568302966 4.45041368084
2.7565297849499983 3.84324390568
3.0928772885469202 3.30980236355
3.4702653946410615 2.84138224227
3.893701814112759 2.43275712214
4.3688052909835475 2.07728988271
4.901880159735603 1.76907670344
5.5 1.50266798809
6.1711014986608 1.27296100612
6.924089764867921 1.07461376795
7.768956495425147 0.904820138239
8.716912558536125 0.75978835518
9.780536755214076 0.63632514646
10.973942732328839 0.531547599413
12.312966262125869 0.442776517909
13.815375373302686 0.367383721626
15.501106121954495 0.30392104171
17.392527130926084 0.250688966506
19.51473640784665 0.206128759512
21.895894380442353 0.168898624998
24.567597568302965 0.137881175477
27.56529784949997 0.112057857229
30.9287728854692 0.0906922613441
34.702653946410635 0.0730497786371
38.93701814112759 0.0585550086464
43.68805290983548 0.0467071777327
49.018801597356 0.0370522318961
55.0 0.0291612478296
61.711014986608 0.0227833781427
69.2408976486792 0.0176535721139
77.6895649542515 0.013557118452
87.16912558536124 0.0103107038189
97.80536755214077 0.00775570965821
109.73942732328838 0.00574473206655
123.12966262125867 0.00418773472639
138.15375373302692 0.00299951488075
155.01106121954496 0.0021045193283
173.92527130926086 0.00144183295758
195.1473640784665 0.000962773658103
218.95894380442346 0.000618339073465
245.67597568302972 0.000381944282863
275.65297849499973 0.000225417906355
309.287728854692 0.000126981062063
347.0265394641063 6.64181960814e-05
389.37018141127584 3.23894280098e-05
436.8805290983548 1.51130081764e-05
490.1880159735601 7.2003213857e-06
550.0 4.40532529916e-06
