E(GeV) dN/dE (GeV^-1)
6.294627058970831e-09 0.0
7.062687723113777e-09 0.0
7.924465962305555e-09 0.0
8.891397050194614e-09 0.0
9.976311574844415e-09 0.0
1.1193605692841689e-08 0.0
1.255943215754791e-08 0.0
1.4091914656322247e-08 0.0
1.5811388300841896e-08 0.0
1.7740669461678802e-08 0.0
1.9905358527674845e-08 0.0
2.2334179607548176e-08 0.0
2.5059361681363572e-08 0.0
2.8117066259517456e-08 0.0
3.1547867224009714e-08 0.0
3.539728921920687e-08 0.0
3.971641173621411e-08 0.0
4.456254690668721e-08 0.0
5e-08 0.0
5.610092271509815e-08 0.0
6.294627058970831e-08 0.0
7.062687723113777e-08 0.0
7.924465962305572e-08 0.0
8.891397050194613e-08 0.0
9.976311574844394e-08 0.0
1.1193605692841689e-07 0.0
1.2559432157547911e-07 0.0
1.4091914656322275e-07 0.0
1.5811388300841896e-07 0.0
1.7740669461678766e-07 0.0
1.9905358527674843e-07 0.0
2.2334179607548174e-07 0.0
2.5059361681363625e-07 0.0
2.811706625951745e-07 0.0
3.154786722400965e-07 0.0
3.5397289219206863e-07 0.0
3.971641173621411e-07 0.0
4.4562546906687296e-07 0.0
5e-07 0.0
5.610092271509815e-07 0.0
6.294627058970831e-07 0.0
7.062687723113777e-07 0.0
7.92446596230557e-07 0.0
8.891397050194613e-07 0.0
9.976311574844394e-07 0.0
1.1193605692841688e-06 0.0
1.2559432157547911e-06 0.0
1.4091914656322274e-06 0.0
1.5811388300841896e-06 0.0
1.7740669461678767e-06 0.0
1.9905358527674846e-06 0.0
2.2334179607548173e-06 0.0
2.5059361681363625e-06 0.0
2.811706625951745e-06 0.0
3.154786722400965e-06 0.0
3.539728921920687e-06 0.0
3.971641173621411e-06 0.0
4.45625469066873e-06 0.0
4.9999999999999996e-06 0.0
5.610092271509815e-06 0.0
6.2946270589708306e-06 0.0
7.0626877231137775e-06 0.0
7.92446596230557e-06 0.0
8.891397050194615e-06 0.0
9.976311574844393e-06 0.0
1.1193605692841688e-05 0.0
1.2559432157547911e-05 0.0
1.4091914656322276e-05 0.0
1.5811388300841894e-05 0.0
1.7740669461678763e-05 0.0
1.9905358527674847e-05 0.0
2.2334179607548174e-05 0.0
2.5059361681363626e-05 0.0
2.8117066259517457e-05 0.0
3.1547867224009646e-05 0.0
3.5397289219206866e-05 0.0
3.971641173621411e-05 0.0
4.4562546906687294e-05 0.0
5e-05 0.0
5.610092271509815e-05 0.0
6.29462705897083e-05 0.0
7.062687723113777e-05 0.0
7.924465962305571e-05 0.0
8.891397050194615e-05 0.0
9.976311574844392e-05 0.0
0.0001119360569284169 0.0
0.0001255943215754791 0.0
0.00014091914656322275 0.0
0.00015811388300841897 0.0
0.00017740669461678766 0.0
0.00019905358527674849 0.0
0.00022334179607548174 0.001944528474
0.00025059361681363626 0.00173306282668
0.00028117066259517455 0.00308918774025
0.0003154786722400965 0.00550648294314
0.00035397289219206863 0.00613457261111
0.0003971641173621411 0.00656093231364
0.00044562546906687297 0.00584743707956
0.0005 0.00434294481903
0.0005610092271509815 0.00541891510192
0.0006294627058970837 0.00620950264489
0.0007062687723113771 0.00799388063876
0.0007924465962305571 0.010960851721
0.0008891397050194614 0.0131879736617
0.0009976311574844395 0.0152363994975
0.00111936056928417 0.0193992219228
0.0012559432157547897 0.0280091110752
0.0014091914656322274 0.0446871141444
0.0015811388300841897 0.0708653624837
0.0017740669461678766 0.109671130682
0.0019905358527674867 0.163634762456
0.0022334179607548152 0.236843568133
0.0025059361681363627 0.338987088899
0.0028117066259517455 0.474653696289
0.003154786722400965 0.643570193979
0.00353972892192069 0.863870515096
0.003971641173621407 1.1220287745
0.0044562546906687294 1.44938473745
0.005 1.8527871187
0.005610092271509815 2.33950047564
0.0062946270589708374 2.9152924973
0.00706268772311377 3.5799057156
0.00792446596230557 4.33430440028
0.008891397050194615 5.18971185762
0.009976311574844394 6.13935481353
0.0111936056928417 7.17429784837
0.012559432157547897 8.28575205987
0.014091914656322275 9.46824410751
0.015811388300841896 10.6763063333
0.017740669461678765 11.9165027535
0.019905358527674867 13.179274676
0.022334179607548153 14.4333598247
0.025059361681363624 15.6428330412
0.028117066259517456 16.7975664592
0.03154786722400965 17.8465938159
0.0353972892192069 18.7856808624
0.03971641173621407 19.6119060673
0.044562546906687296 20.3077006738
0.05 20.8497484614
0.05610092271509818 21.2211759981
0.06294627058970838 21.355238535
0.0706268772311377 21.3033782962
0.07924465962305567 21.0604709592
0.08891397050194615 20.6348169804
0.09976311574844399 20.0400139932
0.11193605692841699 19.2872922921
0.12559432157547898 18.3634855514
0.14091914656322269 17.3360361722
0.15811388300841894 16.2278933368
0.17740669461678776 15.0591510354
0.19905358527674866 13.8490012136
0.2233417960754815 12.6170788371
0.2505936168136361 11.3576497645
0.28117066259517454 10.1224186982
0.3154786722400966 8.92799393792
0.353972892192069 7.78702403164
0.3971641173621407 6.71255327243
0.4456254690668727 5.71924371647
0.5 4.79751477312
0.5610092271509818 3.9707394579
0.6294627058970836 3.24403598633
0.7062687723113772 2.61566354079
0.7924465962305567 2.08074999819
0.8891397050194615 1.63303014527
0.9976311574844399 1.26051951955
1.1193605692841697 0.958157445568
1.25594321575479 0.716670854037
1.4091914656322269 0.526758141306
1.5811388300841898 0.379658432787
1.7740669461678773 0.267506492659
1.990535852767486 0.182307452469
2.233417960754816 0.119996074319
2.505936168136361 0.0759164705102
2.8117066259517456 0.0461116875611
3.1547867224009662 0.025961415132
3.5397289219206893 0.0133756994298
3.9716411736214075 0.00605891164277
4.456254690668728 0.00250825813528
5.0 0.00131443567893
