E(GeV) dN/dE (GeV^-1)
7.553552470764998e-07 0.0
8.475225267736533e-07 0.0
9.509359154766665e-07 0.0
1.0669676460233536e-06 0.0
1.1971573889813298e-06 0.0
1.3432326831410026e-06 0.0
1.5071318589057492e-06 0.0
1.6910297587586696e-06 0.0
1.8973665961010277e-06 0.0
2.1288803354014563e-06 0.0
2.3886430233209812e-06 0.0
2.680101552905781e-06 0.0
3.0071234017636286e-06 0.0
3.3740479511420946e-06 0.0
3.785744066881166e-06 0.0
4.247674706304824e-06 0.0
4.765969408345693e-06 0.0
5.347505628802465e-06 0.0
6e-06 0.0
6.732110725811778e-06 0.0
7.553552470764997e-06 0.0
8.475225267736532e-06 0.0
9.509359154766686e-06 0.0
1.0669676460233537e-05 0.0
1.1971573889813271e-05 0.0
1.3432326831410027e-05 0.0
1.5071318589057493e-05 0.0
1.691029758758673e-05 0.0
1.8973665961010275e-05 0.0
2.128880335401452e-05 0.0
2.3886430233209815e-05 0.0
2.6801015529057806e-05 0.0324088079
3.0071234017636348e-05 0.0
3.3740479511420946e-05 0.0
3.785744066881158e-05 0.0
4.2476747063048235e-05 0.0
4.7659694083456934e-05 0.0
5.347505628802476e-05 0.0162428807766
5.9999999999999995e-05 0.0289529654602
6.732110725811778e-05 0.0387065364423
7.553552470764997e-05 0.0402467764021
8.475225267736532e-05 0.0461185421467
9.509359154766684e-05 0.0502372370544
0.00010669676460233537 0.0854776070667
0.00011971573889813272 0.090692854152
0.00013432326831410026 0.109928924229
0.00015071318589057492 0.138316597902
0.0001691029758758673 0.166934621804
0.00018973665961010276 0.189981430431
0.0002128880335401452 0.232561549438
0.00023886430233209814 0.283633588257
0.0002680101552905781 0.345153804135
0.0003007123401763635 0.401492888181
0.0003374047951142094 0.468526807271
0.00037857440668811576 0.57129760535
0.00042476747063048244 0.680937559833
0.0004765969408345693 0.8255839828
0.0005347505628802476 0.969699982361
0.0006 1.14074683913
0.0006732110725811778 1.34956790395
0.0007553552470764996 1.58802280604
0.0008475225267736532 1.83961740341
0.0009509359154766684 2.13599597912
0.0010669676460233538 2.50245870593
0.0011971573889813273 2.92466316069
0.0013432326831410025 3.41005989366
0.0015071318589057494 3.97429691305
0.001691029758758673 4.60046135441
0.0018973665961010274 5.27965261967
0.002128880335401452 6.05578034656
0.0023886430233209816 6.94811383028
0.002680101552905781 7.95863095601
0.003007123401763635 9.07821635186
0.0033740479511420946 10.3046292884
0.003785744066881158 11.6557330515
0.0042476747063048235 13.1505810636
0.004765969408345693 14.8134005514
0.005347505628802476 16.6267812637
0.006 18.5676815145
0.006732110725811778 20.6804508448
0.007553552470764996 22.9474470058
0.008475225267736534 25.3129304996
0.009509359154766684 27.7854850913
0.010669676460233538 30.3593259236
0.011971573889813271 33.0242429223
0.013432326831410027 35.7832551142
0.015071318589057494 38.5094732368
0.01691029758758673 41.2415578681
0.018973665961010275 43.9418579536
0.02128880335401452 46.5577205902
0.023886430233209816 49.0499200422
0.02680101552905781 51.4309146309
0.03007123401763635 53.5821721346
0.033740479511420944 55.4996776173
0.037857440668811575 57.1732502784
0.042476747063048235 58.57592568
0.04765969408345693 59.6789146429
0.05347505628802475 60.469605663
0.060000000000000005 60.8361881722
0.06732110725811778 60.8653253867
0.07553552470765004 60.5532241908
0.08475225267736525 59.9040354268
0.09509359154766685 58.930859432
0.10669676460233536 57.6562211967
0.11971573889813272 56.0367239169
0.1343232683141004 54.1701318741
0.15071318589057478 52.0826048975
0.1691029758758673 49.806005092
0.18973665961010278 47.3735268654
0.21288803354014518 44.8161344669
0.2388643023320984 42.1200623969
0.2680101552905778 39.37839982
0.3007123401763635 36.6298584849
0.33740479511420945 33.9030258246
0.3785744066881158 31.2231911203
0.4247674706304828 28.6167557348
0.47659694083456877 26.0780766485
0.5347505628802476 23.6606349017
0.6 21.3775588503
0.6732110725811778 19.2346030119
0.7553552470765005 17.2361735798
0.8475225267736524 15.3884897669
0.9509359154766684 13.6807172001
1.0669676460233537 12.1242935757
1.1971573889813274 10.7105137292
1.343232683141004 9.43109081138
1.5071318589057476 8.2787541045
1.691029758758673 7.24732201454
1.8973665961010275 6.32124435237
2.128880335401452 5.49734906602
2.388643023320984 4.76778389227
2.680101552905778 4.12464192008
3.007123401763635 3.55939086265
3.3740479511420944 3.06287828671
3.785744066881158 2.6269510883
4.247674706304828 2.24715744028
4.765969408345688 1.91701539384
5.347505628802475 1.63119390085
6.0 1.38462917601
6.732110725811781 1.17221803756
7.553552470765005 0.989123290375
8.475225267736525 0.832381166442
9.509359154766681 0.698621077193
10.669676460233537 0.584752350647
11.971573889813278 0.488063630896
13.43232683141004 0.406231346596
15.071318589057476 0.336870794589
16.910297587586722 0.278523430908
18.973665961010276 0.229609267886
21.28880335401453 0.188661538155
23.88643023320984 0.154455725001
26.80101552905778 0.126020920321
30.071234017636332 0.102391879184
33.74047951142094 0.0828542162397
37.8574406688116 0.0667370934035
42.47674706304828 0.0534894243509
47.659694083456884 0.0426482287913
53.47505628802473 0.0338193832793
60.0 0.0266011595053
67.32110725811782 0.0207716047382
75.53552470765004 0.0160904599717
84.75225267736526 0.0123527746498
95.0935915476668 0.00938863171713
106.69676460233538 0.00705834596643
119.71573889813278 0.00521780295621
134.32326831410037 0.00380163965458
150.7131858905748 0.00272166434171
169.10297587586723 0.00190916706394
189.73665961010278 0.0013084662015
212.88803354014527 0.000873515459785
238.86430233209833 0.000561234508271
268.01015529057787 0.000346900638881
300.71234017636334 0.000204726711716
337.40479511420943 0.00011528333782
378.57440668811597 6.02466593176e-05
424.76747063048276 2.94183429566e-05
476.5969408345689 1.36130233102e-05
534.7505628802473 6.51664376756e-06
600.0 4.04111015411e-06
