E(GeV) dN/dE (GeV^-1)
7.553552470764997e-08 0.0
8.475225267736533e-08 0.0
9.509359154766665e-08 0.0
1.0669676460233537e-07 0.0
1.1971573889813298e-07 0.0
1.3432326831410028e-07 0.0
1.5071318589057493e-07 0.0
1.6910297587586697e-07 0.0
1.8973665961010278e-07 0.0
2.128880335401456e-07 0.0
2.3886430233209816e-07 0.0
2.680101552905781e-07 0.0
3.0071234017636286e-07 0.0
3.3740479511420944e-07 0.0
3.7857440668811657e-07 0.0
4.247674706304824e-07 0.0
4.765969408345693e-07 0.0
5.347505628802465e-07 0.0
6e-07 0.0
6.732110725811778e-07 0.0
7.553552470764996e-07 0.0
8.475225267736532e-07 0.0
9.509359154766686e-07 0.0
1.0669676460233536e-06 0.0
1.1971573889813272e-06 0.0
1.3432326831410026e-06 0.0
1.5071318589057492e-06 0.0
1.691029758758673e-06 0.0
1.8973665961010275e-06 0.0
2.1288803354014517e-06 0.0
2.3886430233209812e-06 0.0
2.6801015529057807e-06 0.0
3.007123401763635e-06 0.0
3.3740479511420942e-06 0.0
3.7857440668811578e-06 0.0
4.247674706304824e-06 0.0
4.765969408345693e-06 0.0
5.347505628802475e-06 0.0
6e-06 0.0
6.732110725811778e-06 0.0
7.553552470764997e-06 0.0
8.475225267736533e-06 0.0
9.509359154766684e-06 0.0
1.0669676460233536e-05 0.0
1.1971573889813273e-05 0.0
1.3432326831410027e-05 0.0
1.5071318589057494e-05 0.0
1.691029758758673e-05 0.0
1.8973665961010275e-05 0.0
2.128880335401452e-05 0.0
2.3886430233209815e-05 0.0
2.680101552905781e-05 0.0
3.0071234017636348e-05 0.0
3.374047951142094e-05 0.0
3.785744066881158e-05 0.0
4.247674706304824e-05 0.0
4.7659694083456934e-05 0.0
5.347505628802476e-05 0.0
5.9999999999999995e-05 0.0
6.732110725811778e-05 0.0
7.553552470764997e-05 0.0
8.475225267736532e-05 0.0
9.509359154766684e-05 0.0045670215504
0.00010669676460233537 0.0
0.00011971573889813272 0.0
0.00013432326831410026 0.0064664073076
0.00015071318589057492 0.00864478736888
0.0001691029758758673 0.0128411247541
0.00018973665961010276 0.0160225302773
0.0002128880335401452 0.0224401495072
0.00023886430233209814 0.0309087884639
0.0002680101552905781 0.037270129085
0.0003007123401763635 0.0462150087115
0.00033740479511420947 0.0540607854543
0.00037857440668811576 0.082597244147
0.0004247674706304824 0.111444735768
0.0004765969408345693 0.14397601466
0.0005347505628802476 0.187605272969
0.0006000000000000001 0.25261462364
0.0006732110725811778 0.318683816708
0.0007553552470764996 0.389243823203
0.0008475225267736533 0.468871845158
0.0009509359154766685 0.57179109811
0.0010669676460233538 0.704986740188
0.001197157388981327 0.869563085609
0.0013432326831410027 1.05822755589
0.0015071318589057494 1.29181939249
0.001691029758758673 1.55197833778
0.0018973665961010276 1.8512889269
0.002128880335401452 2.20790671015
0.0023886430233209816 2.63633783957
0.002680101552905781 3.13117697526
0.003007123401763635 3.69099055512
0.0033740479511420946 4.3392790458
0.0037857440668811575 5.07789502073
0.0042476747063048235 5.91945359821
0.004765969408345693 6.87503694816
0.005347505628802475 7.92368331483
0.006 9.10918199309
0.006732110725811778 10.4263152106
0.007553552470765005 11.886540438
0.008475225267736525 13.4804498695
0.009509359154766686 15.1839308784
0.010669676460233537 16.9769517613
0.011971573889813273 18.8576926095
0.01343232683141004 20.8092543682
0.015071318589057477 22.8119513569
0.01691029758758673 24.8468572963
0.018973665961010275 26.8941375211
0.02128880335401452 28.9292287406
0.02388643023320984 30.8256438229
0.02680101552905778 32.6151547799
0.030071234017636353 34.2704075396
0.033740479511420944 35.7789724076
0.03785744066881158 37.1250980452
0.042476747063048284 38.2663699493
0.047659694083456876 39.1094988239
0.05347505628802476 39.6963580375
0.06 40.0154303151
0.06732110725811778 40.0634714903
0.07553552470765004 39.8446363618
0.08475225267736523 39.3693292205
0.09509359154766685 38.5543803295
0.10669676460233536 37.5065116163
0.11971573889813274 36.2430411476
0.1343232683141004 34.7868981434
0.15071318589057475 33.1670522748
0.16910297587586728 31.4182566611
0.18973665961010278 29.5236796554
0.21288803354014518 27.5527601699
0.2388643023320984 25.5437900518
0.2680101552905778 23.5271530293
0.3007123401763635 21.5277670416
0.33740479511420945 19.5669782176
0.3785744066881158 17.6355532684
0.4247674706304828 15.7927302404
0.4765969408345688 14.057138286
0.5347505628802476 12.4378121558
0.6 10.940232673
0.6732110725811782 9.56951957694
0.7553552470765005 8.31827676593
0.8475225267736524 7.19522329756
0.9509359154766681 6.19510079482
1.0669676460233537 5.31086537566
1.1971573889813278 4.53397411988
1.343232683141004 3.85485398356
1.5071318589057476 3.26148751264
1.6910297587586722 2.74906907896
1.8973665961010275 2.30805601554
2.128880335401453 1.93006379503
2.388643023320984 1.60742063488
2.680101552905778 1.33300343685
3.007123401763633 1.09952452418
3.374047951142095 0.902554981737
3.78574406688116 0.737103427969
4.247674706304828 0.598827736834
4.765969408345688 0.483892814883
5.347505628802473 0.388891599559
6.0 0.309983766581
6.732110725811782 0.245278805672
7.553552470765004 0.192507173483
8.475225267736526 0.149709089146
9.509359154766681 0.115260937102
10.669676460233537 0.0878241301952
11.971573889813278 0.0658205202865
13.432326831410037 0.04864050976
15.07131858905748 0.0353355107384
16.910297587586722 0.0251779271747
18.973665961010276 0.0175527963655
21.28880335401453 0.0119287550752
23.886430233209833 0.00780339637035
26.80101552905779 0.00491273775874
30.071234017636336 0.00295195479707
33.74047951142094 0.00169223130088
37.85744066881159 0.000894470794915
42.47674706304827 0.000435033216717
47.65969408345689 0.000191943719798
53.47505628802473 8.30336065298e-05
60.0 4.68748510801e-05
