E(GeV) dN/dE (GeV^-1)
8.183015176662081e-07 0.0
9.18149404004791e-07 0.0
1.030180575099722e-06 0.0
1.1558816165252998e-06 0.0
1.2969205047297738e-06 0.0
1.4551687400694196e-06 0.0
1.6327261804812284e-06 0.0
1.831948905321892e-06 0.0
2.055480479109447e-06 0.0
2.3062870300182443e-06 0.0
2.5876966085977298e-06 0.0
2.903443348981263e-06 0.0
3.2577170185772647e-06 0.0
3.655218613737269e-06 0.0
4.101222739121263e-06 0.0
4.601647598496893e-06 0.0
5.163133525707834e-06 0.0
5.793131097869337e-06 0.0
6.5000000000000004e-06 0.0
7.29311995296276e-06 0.0
8.18301517666208e-06 0.0
9.18149404004791e-06 0.0
1.0301805750997243e-05 0.0
1.1558816165252998e-05 0.0375725745348
1.2969205047297711e-05 0.0669731846045
1.4551687400694195e-05 0.0596899136086
1.6327261804812284e-05 0.0
1.8319489053218958e-05 0.0237066918538
2.0554804791094464e-05 0.0211286113547
2.3062870300182395e-05 0.0
2.5876966085977297e-05 0.0
2.9034433489812626e-05 0.0
3.257717018577271e-05 0.0
3.655218613737269e-05 0.0
4.101222739121254e-05 0.0
4.601647598496892e-05 0.0188756080342
5.1631335257078346e-05 0.0336458067366
5.7931310978693485e-05 0.0374835710228
6.5e-05 0.0334072678387
7.29311995296276e-05 0.0357291105621
8.18301517666208e-05 0.0477654049607
9.18149404004791e-05 0.0614913895289
0.00010301805750997242 0.0674513952059
0.00011558816165252998 0.0751451490696
0.0001296920504729771 0.103808436137
0.00014551687400694195 0.128333314258
0.00016327261804812286 0.154276205352
0.00018319489053218957 0.184912196459
0.00020554804791094464 0.22396328036
0.00023062870300182396 0.271164883556
0.000258769660859773 0.320556303888
0.00029034433489812626 0.393393068202
0.00032577170185772714 0.475925714712
0.00036552186137372685 0.565558986292
0.0004101222739121254 0.665013709286
0.0004601647598496893 0.793719317837
0.0005163133525707835 0.958905491994
0.0005793131097869349 1.13200384489
0.00065 1.33027740534
0.000729311995296276 1.55481179463
0.000818301517666208 1.80340940063
0.000918149404004791 2.11483078911
0.0010301805750997243 2.51087818654
0.0011558816165252999 2.93742387713
0.0012969205047297712 3.40391210752
0.0014551687400694193 3.92819321458
0.0016327261804812284 4.53013457475
0.001831948905321896 5.21547220783
0.0020554804791094463 5.99735633304
0.0023062870300182394 6.88269200969
0.00258769660859773 7.85631473366
0.0029034433489812626 8.93256549311
0.003257717018577271 10.1417503492
0.0036552186137372693 11.4939170622
0.0041012227391212545 12.9795215543
0.004601647598496893 14.6117969353
0.005163133525707834 16.4037607309
0.005793131097869349 18.3458090671
0.006500000000000001 20.4225309752
0.00729311995296276 22.647730409
0.00818301517666208 25.0067286044
0.009181494040047911 27.496631645
0.010301805750997243 30.0963066554
0.011558816165252998 32.7737301701
0.012969205047297712 35.5013131281
0.014551687400694197 38.2786640779
0.016327261804812285 41.048801945
0.01831948905321896 43.7423550606
0.020554804791094467 46.3830489059
0.023062870300182396 48.9478413144
0.025876966085977303 51.3867363371
0.029034433489812626 53.6539083078
0.03257717018577271 55.6625918549
0.03655218613737269 57.4336437996
0.04101222739121254 58.9328583748
0.04601647598496893 60.1322038328
0.051631335257078345 61.0135666912
0.05793131097869348 61.5721930261
0.065 61.7029363956
0.0729311995296276 61.4935865631
0.08183015176662088 60.9320768271
0.09181494040047901 60.0392703652
0.10301805750997242 58.8440407036
0.11558816165252997 57.3596824701
0.12969205047297713 55.5342517392
0.1455168740069421 53.4880569723
0.16327261804812268 51.2413201252
0.18319489053218957 48.8207907362
0.20554804791094466 46.2615615035
0.23062870300182395 43.6076180183
0.25876966085977327 40.8496377652
0.290344334898126 38.0714069445
0.32577170185772714 35.30507071
0.3655218613737269 32.5771671401
0.4101222739121254 29.9138256318
0.4601647598496897 27.3436710821
0.5163133525707828 24.8566968536
0.5793131097869348 22.4949794937
0.65 20.2763254038
0.729311995296276 18.2064697684
0.8183015176662088 16.286289375
0.9181494040047901 14.5161512354
1.0301805750997242 12.8856927937
1.1558816165252999 11.4036385709
1.2969205047297714 10.0593599376
1.4551687400694209 8.84583956504
1.6327261804812265 7.75615403211
1.8319489053218956 6.78177215327
2.0554804791094465 5.9092574187
2.3062870300182396 5.13514148297
2.587696608597733 4.45027427186
2.9034433489812597 3.84668657003
3.257717018577271 3.31642981877
3.655218613737269 2.85119113244
4.101222739121255 2.44313668384
4.601647598496897 2.08836744944
5.163133525707829 1.78041227593
5.793131097869348 1.5138549053
6.5 1.28386422043
7.293119952962763 1.08597279802
8.183015176662089 0.915620301886
9.181494040047902 0.77005974564
10.301805750997238 0.645969997107
11.558816165252999 0.540424036217
12.96920504729772 0.450882499142
14.55168740069421 0.37515826982
16.327261804812267 0.311029261983
18.31948905321895 0.257045827924
20.554804791094465 0.211745449558
23.062870300182407 0.173884462749
25.876966085977326 0.142357779045
29.034433489812596 0.116169571356
32.577170185772694 0.0943181316039
36.55218613737269 0.0762537478101
41.01222739121256 0.0613841327932
46.01647598496897 0.0491794623905
51.63133525707829 0.0391937058667
57.93131097869346 0.0310615932634
65.0 0.0244306681559
72.93119952962763 0.019079833338
81.83015176662087 0.0147816732808
91.81494040047905 0.0113469020474
103.01805750997238 0.00862154880527
115.58816165252999 0.00648025089049
129.69205047297717 0.00479382669958
145.51687400694206 0.00349076762068
163.2726180481227 0.00249674758886
183.1948905321895 0.00174989760584
205.54804791094466 0.00119861978357
230.62870300182405 0.000799989132994
258.7696608597732 0.000512952183515
290.344334898126 0.000316650008289
325.77170185772695 0.000186866832724
365.5218613737269 0.000105375758267
410.1222739121256 5.53486250907e-05
460.16475984968963 2.71129233803e-05
516.313352570783 1.26205421069e-05
579.3131097869347 6.00561774928e-06
650.0 3.65675953763e-06
