E(GeV) dN/dE (GeV^-1)
7.553552470764998e-09 0.0
8.475225267736534e-09 0.0
9.509359154766665e-09 0.0
1.0669676460233537e-08 0.0
1.1971573889813297e-08 0.0
1.3432326831410026e-08 0.0
1.507131858905749e-08 0.0
1.6910297587586695e-08 0.0
1.8973665961010277e-08 0.0
2.128880335401456e-08 0.0
2.3886430233209814e-08 0.0
2.680101552905781e-08 0.0
3.007123401763629e-08 0.0
3.3740479511420944e-08 0.0
3.785744066881166e-08 0.0
4.247674706304824e-08 0.0
4.765969408345693e-08 0.0
5.3475056288024645e-08 0.0
6.000000000000001e-08 0.0
6.732110725811778e-08 0.0
7.553552470764996e-08 0.0
8.475225267736532e-08 0.0
9.509359154766685e-08 0.0
1.0669676460233537e-07 0.0
1.197157388981327e-07 0.0
1.3432326831410028e-07 0.0
1.5071318589057493e-07 0.0
1.6910297587586732e-07 0.0
1.8973665961010275e-07 0.0
2.128880335401452e-07 0.0
2.3886430233209816e-07 0.0
2.6801015529057805e-07 0.0
3.007123401763635e-07 0.0
3.3740479511420944e-07 0.0
3.785744066881158e-07 0.0
4.247674706304824e-07 0.0
4.765969408345693e-07 0.0
5.347505628802475e-07 0.0
6e-07 0.0
6.732110725811778e-07 0.0
7.553552470764998e-07 0.0
8.475225267736533e-07 0.0
9.509359154766684e-07 0.0
1.0669676460233536e-06 0.0
1.1971573889813272e-06 0.0
1.3432326831410026e-06 0.0
1.5071318589057494e-06 0.0
1.691029758758673e-06 0.0
1.8973665961010275e-06 0.0
2.1288803354014517e-06 0.0
2.3886430233209816e-06 0.0
2.680101552905781e-06 0.0
3.007123401763635e-06 0.0
3.3740479511420942e-06 0.0
3.7857440668811578e-06 0.0
4.247674706304824e-06 0.0
4.765969408345693e-06 0.0
5.347505628802475e-06 0.0
6e-06 0.0
6.732110725811779e-06 0.0
7.553552470764997e-06 0.0
8.475225267736532e-06 0.0
9.509359154766684e-06 0.0
1.0669676460233537e-05 0.0
1.1971573889813273e-05 0.0
1.3432326831410026e-05 0.0
1.5071318589057494e-05 0.0
1.691029758758673e-05 0.0
1.8973665961010275e-05 0.0
2.1288803354014517e-05 0.0
2.3886430233209815e-05 0.0
2.6801015529057806e-05 0.0
3.0071234017636348e-05 0.0
3.3740479511420946e-05 0.0
3.785744066881158e-05 0.0
4.247674706304824e-05 0.0
4.765969408345693e-05 0.0
5.347505628802476e-05 0.0
6.000000000000001e-05 0.0
6.732110725811778e-05 0.0
7.553552470764997e-05 0.0
8.475225267736534e-05 0.0
9.509359154766684e-05 0.0
0.00010669676460233537 0.00407036224127
0.00011971573889813272 0.0
0.00013432326831410026 0.0
0.00015071318589057492 0.00288159578963
0.00016910297587586728 0.0
0.00018973665961010279 0.00228893289676
0.00021288803354014521 0.00408002718313
0.00023886430233209817 0.00363632805457
0.0002680101552905781 0.00324088079
0.0003007123401763635 0.00288843804447
0.0003374047951142094 0.00386148467531
0.00037857440668811576 0.00573591973243
0.0004247674706304824 0.00715700137963
0.00047659694083456935 0.00820116539205
0.0005347505628802475 0.00974572846594
0.0006000000000000001 0.0115811861841
0.0006732110725811778 0.0116119609327
0.0007553552470765004 0.011499078972
0.0008475225267736524 0.0133231343979
0.0009509359154766685 0.0196381926667
0.0010669676460233536 0.0301206805854
0.0011971573889813273 0.0464347413258
0.001343232683141004 0.0666039952682
0.0015071318589057478 0.0959571397945
0.001691029758758673 0.13996825982
0.0018973665961010276 0.200510521756
0.002128880335401452 0.282745883791
0.0023886430233209842 0.380723547314
0.0026801015529057783 0.514003693294
0.003007123401763635 0.690769958335
0.0033740479511420946 0.916330313451
0.003785744066881158 1.19536567224
0.004247674706304828 1.54396968334
0.004765969408345688 1.95105724677
0.005347505628802476 2.43651333089
0.006 3.00908170028
0.006732110725811778 3.67770156006
0.007553552470765005 4.4510059931
0.008475225267736523 5.33586408355
0.009509359154766684 6.30801583563
0.010669676460233537 7.36507625385
0.011971573889813274 8.49998823111
0.01343232683141004 9.71299642452
0.015071318589057477 10.9960830853
0.016910297587586727 12.3032100382
0.018973665961010275 13.6163124589
0.02128880335401452 14.913192959
0.02388643023320984 16.1817871143
0.02680101552905778 17.4108542329
0.030071234017636346 18.5776102972
0.033740479511420944 19.6311445085
0.03785744066881158 20.5407759636
0.042476747063048284 21.3081414603
0.04765969408345688 21.9262166215
0.05347505628802475 22.3762575293
0.06 22.6353270614
0.06732110725811781 22.6858881066
0.07553552470765004 22.5083144285
0.08475225267736525 22.1331236342
0.0950935915476668 21.5748153201
0.10669676460233538 20.8536095338
0.11971573889813279 19.9871052331
0.1343232683141004 18.9838425498
0.15071318589057475 17.8453164201
0.1691029758758672 16.6298369754
0.18973665961010275 15.3656797818
0.2128880335401453 14.0761447821
0.2388643023320984 12.7794404066
0.2680101552905778 11.4892400069
0.30071234017636334 10.2033943941
0.33740479511420945 8.96682950707
0.378574406688116 7.79641697015
0.4247674706304828 6.70480362874
0.4765969408345688 5.70085058424
0.5347505628802474 4.79005721463
0.6000000000000001 3.96460339053
0.6732110725811782 3.24400127032
0.7553552470765004 2.62317334482
0.8475225267736527 2.09669548047
0.9509359154766681 1.65674187167
1.0669676460233537 1.2932501446
1.1971573889813278 0.99303197448
1.3432326831410037 0.751528120531
1.507131858905748 0.560171559599
1.6910297587586722 0.41038051723
1.8973665961010275 0.29463762259
2.128880335401453 0.206665004903
2.3886430233209834 0.140109538107
2.680101552905779 0.0917657016129
3.0071234017636335 0.0577052152524
3.3740479511420944 0.0347672634226
3.7857440668811595 0.0193656122006
4.247674706304828 0.00983607148177
4.765969408345689 0.00441951690572
5.347505628802473 0.00182951687627
6.0 0.000962107042243
