E(GeV) dN/dE (GeV^-1)
8.812477882559163e-07 0.0
9.887762812359287e-07 0.0
1.1094252347227776e-06 0.0
1.244795587027246e-06 0.0
1.3966836204782178e-06 0.0
1.5671047969978364e-06 0.0
1.7583205020567074e-06 0.0
1.9728680518851147e-06 0.0
2.213594362117866e-06 0.0
2.483693724635032e-06 0.0
2.7867501938744783e-06 0.0
3.1267851450567445e-06 0.0
3.5083106353909003e-06 0.0
3.936389276332444e-06 0.0
4.41670141136136e-06 0.0
4.955620490688961e-06 0.0
5.560297643069975e-06 0.0
6.238756566936209e-06 0.0
7e-06 0.0
7.85412918011374e-06 0.0
8.812477882559162e-06 0.0
9.887762812359287e-06 0.0
1.10942523472278e-05 0.0
1.244795587027246e-05 0.0
1.396683620478215e-05 0.0
1.5671047969978365e-05 0.0
1.7583205020567073e-05 0.0
1.9728680518851185e-05 0.0
2.2135943621178656e-05 0.0
2.4836937246350273e-05 0.0
2.7867501938744782e-05 0.0
3.1267851450567445e-05 0.0
3.5083106353909074e-05 0.0
3.936389276332443e-05 0.0
4.416701411361351e-05 0.0
4.955620490688961e-05 0.0175273503175
5.560297643069975e-05 0.0234319011201
6.238756566936222e-05 0.0208837038556
7e-05 0.037225241306
7.854129180113742e-05 0.0497655468543
8.812477882559164e-05 0.0640662971298
9.887762812359289e-05 0.0746681158566
0.00011094252347227799 0.0822063879072
0.00012447955870272459 0.101177575712
0.0001396683620478215 0.136816648549
0.00015671047969978365 0.163507727635
0.00017583205020567076 0.190185322115
0.00019728680518851183 0.220133567214
0.00022135943621178655 0.24720475285
0.0002483693724635027 0.307750621813
0.00027867501938744785 0.374022314185
0.00031267851450567444 0.46529788485
0.0003508310635390907 0.558293810595
0.00039363892763324434 0.660865520146
0.0004416701411361351 0.797456726229
0.0004955620490688961 0.969262472555
0.0005560297643069976 1.14113358455
0.0006238756566936222 1.32263457752
0.0007 1.53616162456
0.0007854129180113741 1.79155968676
0.0008812477882559163 2.09151819245
0.0009887762812359289 2.45306721799
0.0011094252347227799 2.81498159734
0.001244795587027246 3.2586157143
0.0013966836204782152 3.77271908374
0.0015671047969978364 4.37009043572
0.0017583205020567077 5.07053828273
0.0019728680518851186 5.86127636063
0.0022135943621178654 6.73181704746
0.0024836937246350273 7.70478161872
0.0027867501938744783 8.79388797701
0.0031267851450567444 9.9882094016
0.0035083106353909076 11.2855813371
0.003936389276332444 12.7596693048
0.004416701411361351 14.342716456
0.004955620490688962 16.0781889932
0.005560297643069975 17.9541474889
0.006238756566936222 19.9886979207
0.007 22.2049805232
0.007854129180113741 24.5813600984
0.008812477882559162 27.0245440188
0.009887762812359289 29.596508539
0.0110942523472278 32.2642065422
0.01244795587027246 35.0054176447
0.013966836204782151 37.7926140712
0.015671047969978365 40.5668214897
0.017583205020567077 43.3250314578
0.019728680518851183 46.0395707546
0.022135943621178655 48.6636878166
0.024836937246350273 51.1671079859
0.027867501938744786 53.5250554734
0.031267851450567444 55.7021709653
0.03508310635390908 57.5549174419
0.039363892763324436 59.1281676625
0.044167014113613505 60.4358922261
0.04955620490688961 61.441285225
0.05560297643069975 62.101114522
0.06238756566936221 62.4161977433
0.07 62.3083037691
0.0785412918011374 61.8752517276
0.08812477882559172 61.1083857604
0.09887762812359278 60.0137514386
0.110942523472278 58.6090168563
0.12447955870272459 56.9200409447
0.13966836204782151 54.9199626873
0.1567104796997838 52.7050532127
0.17583205020567058 50.3191510173
0.19728680518851185 47.7900684784
0.22135943621178655 45.146391887
0.2483693724635027 42.4298492597
0.27867501938744815 39.6245660364
0.31267851450567413 36.8205175262
0.35083106353909077 34.0491808319
0.3936389276332444 31.3352938943
0.44167014113613506 28.7018323981
0.4955620490688966 26.1729130442
0.5560297643069969 23.7395947865
0.6238756566936221 21.4406847676
0.7000000000000001 19.2874689872
0.7854129180113741 17.2859504509
0.8812477882559172 15.4378131531
0.9887762812359278 13.7413191835
1.1094252347227798 12.180995336
1.244795587027246 10.7645233617
1.3966836204782151 9.48365184106
1.567104796997838 8.3309562249
1.7583205020567056 7.29823107639
1.9728680518851183 6.37588964498
2.2135943621178655 5.55045672847
2.4836937246350272 4.81903358903
2.7867501938744814 4.17318139882
3.126785145056741 3.60417935971
3.5083106353909073 3.10417461548
3.9363892763324437 2.66660351693
4.416701411361351 2.28347564361
4.9556204906889665 1.95055869802
5.56029764306997 1.66178894342
6.238756566936221 1.41216085797
7.0 1.19708558739
7.854129180113745 1.01214004148
8.812477882559172 0.853022392914
9.887762812359279 0.717084430415
11.094252347227794 0.601192304086
12.44795587027246 0.502655848124
13.96683620478216 0.419135937149
15.67104796997838 0.348581376289
17.583205020567057 0.28888226672
19.728680518851174 0.238668153172
22.135943621178654 0.196570019138
24.836937246350285 0.161388360391
27.867501938744812 0.132064255792
31.26785145056741 0.107665930381
35.08310635390905 0.0873665071306
39.363892763324436 0.0706059895473
44.16701411361353 0.0568158516752
49.55620490688966 0.0455057951544
55.6029764306997 0.036258039534
62.38756566936218 0.0287199378207
70.0 0.0225911489723
78.54129180113745 0.0176408246949
88.1247788255917 0.0136583973768
98.87762812359281 0.0104785061163
110.94252347227794 0.00796049471889
124.4795587027246 0.00598147523191
139.66836204782157 0.00442048994418
156.71047969978378 0.0032163438824
175.8320502056706 0.00229897252343
197.28680518851175 0.00161068869394
221.35943621178657 0.00110316886708
248.36937246350283 0.000736071292637
278.67501938744806 0.000471730968487
312.67851450567423 0.000291234807449
350.83106353909056 0.000171635114942
393.63892763324435 9.64874692226e-05
441.67014113613527 5.04708493759e-05
495.56204906889656 2.47749096737e-05
556.0297643069971 1.15761402167e-05
623.8756566936219 5.56898769482e-06
700.0 3.448918607e-06
