E(GeV) dN/dE (GeV^-1)
8.812477882559164e-08 0.0
9.887762812359289e-08 0.0
1.1094252347227777e-07 0.0
1.244795587027246e-07 0.0
1.396683620478218e-07 0.0
1.5671047969978365e-07 0.0
1.7583205020567075e-07 0.0
1.9728680518851146e-07 0.0
2.2135943621178657e-07 0.0
2.4836937246350325e-07 0.0
2.7867501938744784e-07 0.0
3.1267851450567446e-07 0.0
3.5083106353909e-07 0.0
3.9363892763324437e-07 0.0
4.4167014113613603e-07 0.0
4.955620490688961e-07 0.0
5.560297643069976e-07 0.0
6.23875656693621e-07 0.0
7e-07 0.0
7.854129180113742e-07 0.0
8.812477882559162e-07 0.0
9.887762812359287e-07 0.0
1.10942523472278e-06 0.0
1.244795587027246e-06 0.0
1.396683620478215e-06 0.0
1.5671047969978364e-06 0.0
1.7583205020567074e-06 0.0
1.9728680518851185e-06 0.0
2.2135943621178654e-06 0.0
2.483693724635027e-06 0.0
2.7867501938744783e-06 0.0
3.126785145056744e-06 0.0
3.5083106353909075e-06 0.0
3.936389276332443e-06 0.0
4.416701411361351e-06 0.0
4.955620490688961e-06 0.0
5.560297643069975e-06 0.0
6.238756566936221e-06 0.0
7e-06 0.0
7.85412918011374e-06 0.0
8.812477882559164e-06 0.0
9.887762812359287e-06 0.0
1.10942523472278e-05 0.0
1.2447955870272459e-05 0.0
1.3966836204782151e-05 0.0
1.5671047969978365e-05 0.0
1.7583205020567076e-05 0.0
1.9728680518851185e-05 0.0
2.2135943621178656e-05 0.0
2.4836937246350273e-05 0.0
2.7867501938744786e-05 0.0
3.1267851450567445e-05 0.0
3.5083106353909074e-05 0.0
3.936389276332443e-05 0.0
4.416701411361351e-05 0.0
4.955620490688962e-05 0.0
5.560297643069975e-05 0.0
6.238756566936222e-05 0.0
7e-05 0.0
7.854129180113742e-05 0.00552950520604
8.812477882559162e-05 0.0049281767023
9.887762812359287e-05 0.00439224210921
0.00011094252347227799 0.00782917980069
0.0001244795587027246 0.0104666457633
0.0001396683620478215 0.0124378771408
0.00015671047969978362 0.0138565870877
0.00017583205020567076 0.0172895747378
0.00019728680518851186 0.0220133567214
0.00022135943621178655 0.0196194248294
0.0002483693724635027 0.0279773292557
0.00027867501938744785 0.045194362964
0.00031267851450567444 0.06805849659
0.0003508310635390907 0.0977942595056
0.0003936389276332444 0.12356750961
0.0004416701411361351 0.14847837936
0.0004955620490688961 0.182284443302
0.0005560297643069976 0.234319011201
0.0006238756566936222 0.301421458982
0.0007000000000000001 0.376595357879
0.0007854129180113741 0.483831705528
0.0008812477882559163 0.591381204275
0.0009887762812359289 0.713300118536
0.0011094252347227799 0.858078106155
0.001244795587027246 1.02922016672
0.001396683620478215 1.22855131459
0.0015671047969978366 1.4721238122
0.0017583205020567075 1.7590907326
0.0019728680518851186 2.10029436479
0.002213594362117866 2.50108427725
0.0024836937246350273 2.97573868296
0.0027867501938744787 3.53840693482
0.0031267851450567444 4.17573600303
0.0035083106353909076 4.89379805194
0.003936389276332443 5.70617106877
0.004416701411361351 6.62597059149
0.004955620490688961 7.66286992204
0.005560297643069975 8.82195455906
0.006238756566936221 10.1029790266
0.007 11.5191027539
0.007854129180113741 13.066331392
0.008812477882559172 14.7375645829
0.009887762812359278 16.5150938652
0.0110942523472278 18.3843234244
0.012447955870272458 20.3577655648
0.013966836204782151 22.3855047099
0.01567104796997838 24.4493105133
0.017583205020567056 26.5196636103
0.019728680518851186 28.5756044001
0.022135943621178655 30.5976113286
0.024836937246350273 32.5556793018
0.027867501938744814 34.3427288884
0.031267851450567416 35.9959443936
0.03508310635390908 37.4758124593
0.039363892763324436 38.7543235796
0.04416701411361351 39.8109670424
0.04955620490688966 40.6268468654
0.05560297643069969 41.1171441118
0.06238756566936222 41.3428420118
0.07 41.2917390747
0.07854129180113742 40.958029313
0.08812477882559172 40.3498163633
0.09887762812359278 39.4955066237
0.11094252347227798 38.3363265807
0.12447955870272459 36.9674776151
0.13966836204782151 35.4147002963
0.1567104796997838 33.7022045062
0.17583205020567055 31.8609467537
0.19728680518851183 29.9341124821
0.22135943621178655 27.9011568189
0.2483693724635027 25.828778781
0.27867501938744815 23.7496268286
0.31267851450567413 21.6981987626
0.3508310635390907 19.7015659112
0.3936389276332444 17.7743565898
0.4416701411361351 15.9075487788
0.4955620490688966 14.1534791056
0.5560297643069969 12.5209254048
0.6238756566936221 11.0160848676
0.7000000000000001 9.64157760106
0.7854129180113745 8.39626059159
0.8812477882559172 7.27009062482
0.9887762812359278 6.26639073445
1.1094252347227793 5.37919534858
1.244795587027246 4.59966447159
1.3966836204782158 3.91798540413
1.567104796997838 3.32446267447
1.7583205020567056 2.80752461685
1.9728680518851176 2.36236932016
2.2135943621178655 1.97986365035
2.4836937246350286 1.65266053197
2.7867501938744814 1.37416764456
3.1267851450567408 1.13812890457
3.5083106353909055 0.937613356547
3.9363892763324437 0.768828880511
4.416701411361353 0.627391163791
4.9556204906889665 0.509337263465
5.56029764306997 0.411180423347
6.238756566936218 0.329902863138
7.0 0.262573016791
7.854129180113745 0.207498055855
8.812477882559172 0.162731055925
9.88776281235928 0.126503073264
11.094252347227794 0.0973431675503
12.44795587027246 0.0740676374096
13.966836204782158 0.0554767256007
15.671047969978376 0.040942362713
17.58320502056706 0.0297148017212
19.728680518851178 0.0211563327175
22.135943621178654 0.0147340507109
24.83693724635028 0.0100051475735
27.867501938744805 0.00653295425629
31.26785145056742 0.00410276062729
35.08310635390906 0.00245747070921
39.363892763324436 0.0014035834826
44.167014113613526 0.000739648488331
49.556204906889654 0.000359109116979
55.602976430699705 0.000157548292498
62.38756566936219 6.8011262223e-05
70.0 3.82241186144e-05
