E(GeV) dN/dE (GeV^-1)
9.441940588456247e-07 0.0
1.0594031584670667e-06 0.0
1.1886698943458332e-06 0.0
1.3337095575291922e-06 0.0
1.496446736226662e-06 0.0
1.6790408539262534e-06 0.0
1.8839148236321866e-06 0.0
2.113787198448337e-06 0.0
2.371708245126285e-06 0.0
2.66110041925182e-06 0.0
2.985803779151227e-06 0.0
3.350126941132226e-06 0.0
3.758904252204536e-06 0.0
4.217559938927618e-06 0.0
4.732180083601457e-06 0.0
5.30959338288103e-06 0.0
5.957461760432117e-06 0.0
6.684382036003081e-06 0.0
7.5e-06 0.0
8.415138407264723e-06 0.0
9.441940588456246e-06 0.0
1.0594031584670665e-05 0.0
1.1886698943458357e-05 0.0
1.3337095575291921e-05 0.0
1.496446736226659e-05 0.0
1.6790408539262533e-05 0.0
1.8839148236321866e-05 0.0
2.1137871984483413e-05 0.0
2.3717082451262845e-05 0.0
2.661100419251815e-05 0.0
2.9858037791512268e-05 0.0290906244366
3.350126941132226e-05 0.02592704632
3.758904252204544e-05 0.0231075043557
4.217559938927618e-05 0.020594584935
4.732180083601447e-05 0.0183549431438
5.30959338288103e-05 0.0163588602963
5.957461760432116e-05 0.0291596991717
6.684382036003095e-05 0.051977218485
7.5e-05 0.0463247447363
8.415138407264722e-05 0.056769586782
9.441940588456246e-05 0.0689944738321
0.00010594031584670666 0.0819885193719
0.00011886698943458355 0.102301282729
0.0001333709557529192 0.130251591721
0.00014964467362266591 0.156717251975
0.00016790408539262534 0.186232530459
0.00018839148236321867 0.232832939802
0.00021137871984483413 0.289695774453
0.00023717082451262843 0.336930922403
0.0002661100419251815 0.390050598707
0.0002985803779151227 0.462540928542
0.0003350126941132226 0.549653381984
0.00037589042522045437 0.656253123703
0.00042175599389276177 0.776415852049
0.00047321800836014474 0.903063202674
0.000530959338288103 1.04942088801
0.0005957461760432117 1.24584814711
0.0006684382036003094 1.46380841558
0.00075 1.71517367386
0.0008415138407264723 2.00499858771
0.0009441940588456245 2.33247317869
0.0010594031584670665 2.69250297617
0.0011886698943458355 3.16512861529
0.0013337095575291923 3.69295825426
0.001496446736226659 4.28650705864
0.0016790408539262532 4.94602562143
0.0018839148236321867 5.67328579061
0.0021137871984483413 6.50048553753
0.0023717082451262844 7.44251109248
0.0026611004192518147 8.49494299745
0.002985803779151227 9.66216000037
0.003350126941132226 10.9698629332
0.0037589042522045437 12.4388851322
0.004217559938927618 14.0325323372
0.004732180083601447 15.7045811285
0.00530959338288103 17.5513394176
0.005957461760432116 19.566668439
0.006684382036003095 21.7247880671
0.007500000000000001 24.0097677613
0.008415138407264723 26.4666006623
0.009441940588456247 28.9900060222
0.010594031584670666 31.6466256096
0.011886698943458356 34.3836438061
0.013337095575291922 37.182759074
0.01496446736226659 40.0262826754
0.016790408539262534 42.8406985161
0.018839148236321865 45.6099903692
0.02113787198448341 48.2708152407
0.023717082451262847 50.8304243957
0.02661100419251815 53.2520251909
0.02985803779151227 55.4840534473
0.03350126941132226 57.5009774015
0.03758904252204544 59.1903692186
0.04217559938927618 60.5982172259
0.04732180083601447 61.7116132173
0.053095933828810296 62.5147220884
0.059574617604321166 62.9877422521
0.06684382036003095 63.1061646893
0.075 62.7703823439
0.08415138407264723 62.1143349992
0.09441940588456256 61.1355295006
0.10594031584670656 59.8444287484
0.11886698943458357 58.2613989244
0.1333709557529192 56.4133743477
0.1496446736226659 54.2623617579
0.1679040853926255 51.9188980815
0.18839148236321845 49.4206011151
0.2113787198448341 46.7996127141
0.23717082451262844 44.0870413049
0.2661100419251815 41.3162043247
0.29858037791512304 38.4728308127
0.33501269411322226 35.6526119645
0.3758904252204544 32.8885019467
0.4217559938927618 30.19886756
0.4732180083601447 27.5993276609
0.5309593382881035 25.1100236144
0.595746176043211 22.7280529453
0.6684382036003095 20.490835906
0.75 18.4034232346
0.8415138407264723 16.4683544566
0.9441940588456256 14.6859056606
1.0594031584670656 13.0543297079
1.1886698943458356 11.5580723604
1.333709557529192 10.2025414024
1.4964467362266591 8.9797589437
1.679040853926255 7.88063800333
1.8839148236321845 6.89630005253
2.113787198448341 6.01868961863
2.3717082451262845 5.23518561184
2.661100419251815 4.54169564139
2.98580377915123 3.9299462724
3.3501269411322228 3.39171215978
3.7589042522045433 2.91945409219
4.217559938927618 2.50655519352
4.732180083601448 2.14539752247
5.309593382881035 1.83135551569
5.9574617604321105 1.55938125152
6.684382036003094 1.32441181785
7.5 1.12198485427
8.415138407264728 0.948422236965
9.441940588456257 0.798662550481
10.594031584670654 0.670911111152
11.88669894345835 0.562241931019
13.337095575291922 0.469951683039
14.9644673622666 0.391682847426
16.79040853926255 0.32544476124
18.839148236321847 0.269513302821
21.1378719844834 0.222574968814
23.717082451262844 0.183264382887
26.611004192518163 0.150425314527
29.858037791512302 0.123066723054
33.50126941132223 0.100334311706
37.58904252204542 0.0814118047661
42.17559938927619 0.0657791866607
47.321800836014496 0.0529064074248
53.09593382881035 0.0423504146334
59.574617604321105 0.0337304455673
66.84382036003092 0.0267165566845
75.0 0.0209985724945
84.15138407264728 0.0163877643512
94.41940588456255 0.0126874857856
105.94031584670658 0.00973349664509
118.8669894345835 0.00739078174608
133.37095575291923 0.00554857778684
149.64467362266598 0.00409992646365
167.90408539262546 0.00298431939622
188.3914823632185 0.0021344648544
211.37871984483402 0.00149571572014
237.17082451262846 0.00102408505833
266.1100419251816 0.000683678731001
298.5803779151229 0.000438584799318
335.0126941132224 0.000270551321054
375.8904252204542 0.000159388632795
421.7559938927618 8.96801498287e-05
473.21800836014495 4.69161524227e-05
530.9593382881035 2.29760192861e-05
595.7461760432111 1.07300403027e-05
668.4382036003092 5.15419092802e-06
750.0 3.16745442135e-06
