E(GeV) dN/dE (GeV^-1)
1.007140329435333e-06 0.0
1.1300300356982044e-06 0.0
1.2679145539688887e-06 0.0
1.4226235280311382e-06 0.0
1.5962098519751061e-06 0.0
1.7909769108546702e-06 0.0
2.0095091452076654e-06 0.0
2.2547063450115593e-06 0.0
2.5298221281347038e-06 0.0
2.8385071138686084e-06 0.0
3.184857364427975e-06 0.0
3.573468737207708e-06 0.0
4.0094978690181715e-06 0.0
4.498730601522793e-06 0.0
5.047658755841554e-06 0.0
5.663566275073099e-06 0.0
6.3546258777942576e-06 0.0
7.130007505069953e-06 0.0
8e-06 0.0
8.976147634415704e-06 0.0
1.0071403294353329e-05 0.0
1.1300300356982043e-05 0.0
1.2679145539688914e-05 0.0
1.4226235280311383e-05 0.0
1.596209851975103e-05 0.0
1.7909769108546704e-05 0.0
2.0095091452076658e-05 0.0
2.254706345011564e-05 0.0
2.5298221281347034e-05 0.0
2.8385071138686027e-05 0.0
3.184857364427975e-05 0.0136362302047
3.573468737207708e-05 0.024306605925
4.00949786901818e-05 0.0216632853335
4.498730601522792e-05 0.0289611350648
5.047658755841544e-05 0.0344155183946
5.6635662750730986e-05 0.0306728630555
6.354625877794257e-05 0.0273372179735
7.130007505069968e-05 0.0304554014561
7.999999999999999e-05 0.0380007671665
8.976147634415704e-05 0.0580598046634
0.00010071403294353329 0.0819309376757
0.00011300300356982044 0.107609931676
0.00012679145539688913 0.123309581861
0.0001422623528031138 0.131269182281
0.0001596209851975103 0.176851065596
0.000179097691085467 0.213391441151
0.00020095091452076658 0.244215243171
0.0002254706345011564 0.285072969542
0.0002529822128134703 0.351923432877
0.00028385071138686027 0.429932864422
0.00031848573644279756 0.500449648511
0.0003573468737207708 0.604019157236
0.000400949786901818 0.724636894406
0.00044987306015227926 0.859180340257
0.0005047658755841543 1.0161181806
0.0005663566275073099 1.21694584173
0.0006354625877794258 1.43452051316
0.0007130007505069967 1.67078332388
0.0007999999999999999 1.93152470826
0.0008976147634415704 2.23530247954
0.0010071403294353329 2.61187205001
0.0011300300356982043 3.09493849923
0.0012679145539688914 3.60235242342
0.0014226235280311384 4.17832859972
0.001596209851975103 4.8054515701
0.00179097691085467 5.49676953182
0.002009509145207666 6.2871377337
0.002254706345011564 7.20656762326
0.0025298221281347035 8.21990137221
0.002838507113868602 9.33336818344
0.0031848573644279753 10.5864873194
0.003573468737207708 11.9893549055
0.00400949786901818 13.5332709807
0.004498730601522793 15.2213933674
0.005047658755841544 17.0177855358
0.005663566275073099 18.9564428256
0.0063546258777942575 21.0815740416
0.0071300075050699675 23.3658712835
0.008 25.7562142569
0.008976147634415704 28.2647224894
0.01007140329435333 30.8977089732
0.011300300356982044 33.6316394035
0.012679145539688913 36.4304116017
0.014226235280311384 39.2601702029
0.015962098519751028 42.0949884925
0.017909769108546702 44.9233844323
0.020095091452076656 47.6298175628
0.02254706345011564 50.2439182648
0.025298221281347035 52.7253747176
0.028385071138686026 55.0423003186
0.03184857364427975 57.16249066
0.03573468737207708 59.0418274358
0.040094978690181804 60.6077958116
0.04498730601522793 61.8733991717
0.050476587558415435 62.8217431223
0.05663566275073099 63.4332521567
0.06354625877794258 63.6951642996
0.07130007505069967 63.611496547
0.08 63.0868541805
0.08976147634415704 62.2287744223
0.1007140329435334 61.0491435323
0.11300300356982032 59.5709211969
0.12679145539688913 57.8206267689
0.1422623528031138 55.8215420497
0.1596209851975103 53.5286248254
0.1790976910854672 51.0733621398
0.20095091452076635 48.4854548434
0.2254706345011564 45.7915908415
0.25298221281347033 43.0221916106
0.28385071138686024 40.2157839671
0.3184857364427979 37.3599598841
0.35734687372077045 34.5419487491
0.40094978690181804 31.7888662899
0.4498730601522793 29.123660128
0.5047658755841544 26.5647991855
0.5663566275073104 24.1262649423
0.6354625877794251 21.7971844971
0.7130007505069967 19.616883239
0.8 17.5925577618
0.8976147634415704 15.7239362843
1.007140329435334 14.0064814584
1.1300300356982032 12.433602391
1.2679145539688912 10.9977647868
1.4226235280311381 9.69773857778
1.5962098519751031 8.52783320466
1.7909769108546718 7.47820702898
2.0095091452076637 6.53891111447
2.254706345011564 5.70186003393
2.5298221281347035 4.95576672641
2.8385071138686024 4.29637036951
3.1848573644279785 3.71462024302
3.5734687372077043 3.20334462511
4.00949786901818 2.75570442342
4.498730601522793 2.3645701976
5.047658755841544 2.02258255017
5.663566275073104 1.72583080096
6.354625877794251 1.46879496025
7.130007505069967 1.24677049445
8.0 1.05562759978
8.976147634415709 0.891666368425
10.07140329435334 0.750650733526
11.300300356982032 0.630419794666
12.679145539688907 0.528074688678
14.226235280311384 0.441117753858
15.96209851975104 0.367453825183
17.90976910854672 0.305339460987
20.095091452076634 0.25280064085
22.54706345011563 0.208685953063
25.298221281347033 0.171749295949
28.38507113868604 0.140911858023
31.84857364427979 0.115230222462
35.73468737207704 0.0938797808166
40.094978690181776 0.0761343598341
44.98730601522793 0.0614925023233
50.47658755841547 0.049449602054
56.63566275073104 0.0395867958067
63.54625877794251 0.0315362488258
71.30007505069965 0.0249712790426
80.0 0.0196102958963
89.76147634415709 0.0152910946346
100.71403294353338 0.0118319269998
113.00300356982036 0.00907547190525
126.79145539688908 0.00689170745014
142.26235280311383 0.00517507687018
159.62098519751038 0.00382218413245
179.09769108546715 0.00278140224162
200.95091452076642 0.00198783859872
225.4706345011563 0.00139250248329
252.98221281347034 0.000953817221777
283.8507113868604 0.0006360237075
318.48573644279776 0.00040808464322
357.34687372077053 0.000251702196335
400.9497869018178 0.000148135711439
449.87306015227927 8.31387304306e-05
504.7658755841546 4.35554196922e-05
566.3566275073103 2.14288289522e-05
635.4625877794252 1.00272915527e-05
713.0007505069965 4.8588547483e-06
800.0 3.01726091302e-06
