E(GeV) dN/dE (GeV^-1)
1.007140329435333e-05 0.0
1.1300300356982043e-05 0.0
1.2679145539688887e-05 0.0
1.4226235280311383e-05 0.0
1.5962098519751064e-05 0.0
1.79097691085467e-05 0.0
2.0095091452076655e-05 0.0432239368444
2.2547063450115594e-05 0.096308435656
2.5298221281347037e-05 0.0686679869029
2.838507113868608e-05 0.0459003058102
3.184857364427975e-05 0.040908690614
3.5734687372077084e-05 0.04861321185
4.009497869018172e-05 0.0649898560005
4.498730601522793e-05 0.0868834051945
5.0476587558415546e-05 0.120454314381
5.6635662750730986e-05 0.153364315278
6.354625877794257e-05 0.164023307841
7.130007505069953e-05 0.182732408736
8e-05 0.255148008118
8.976147634415704e-05 0.314490608593
0.00010071403294353329 0.349284523775
0.00011300300356982043 0.399694031938
0.00012679145539688913 0.445284601164
0.00014226235280311383 0.497601783996
0.0001596209851975103 0.58496890928
0.00017909769108546703 0.700796891961
0.00020095091452076658 0.812610012674
0.00022547063450115642 0.938044163289
0.0002529822128134703 1.09353769143
0.00028385071138686027 1.29132860346
0.0003184857364427975 1.52862140594
0.0003573468737207708 1.79504284756
0.000400949786901818 2.09159019895
0.00044987306015227926 2.40377421038
0.0005047658755841543 2.76442651505
0.0005663566275073099 3.17464132625
0.0006354625877794258 3.61466364655
0.0007130007505069967 4.09137863161
0.0007999999999999999 4.64749382447
0.0008976147634415704 5.34827567291
0.0010071403294353329 6.12239712168
0.0011300300356982043 6.94084059308
0.0012679145539688914 7.82776076185
0.0014226235280311382 8.85853286379
0.001596209851975103 9.97140723544
0.0017909769108546702 11.1989283258
0.002009509145207666 12.5314837699
0.002254706345011564 14.0051727131
0.0025298221281347035 15.660592763
0.0028385071138686026 17.4610883343
0.0031848573644279753 19.3941284086
0.003573468737207708 21.4780461935
0.00400949786901818 23.7468601169
0.004498730601522792 26.1843414348
0.005047658755841544 28.7587256749
0.005663566275073099 31.4901414917
0.0063546258777942575 34.3847527671
0.0071300075050699675 37.4740923648
0.008 40.6816670033
0.008976147634415704 44.0078320566
0.01007140329435333 47.4651363667
0.011300300356982044 50.970673966
0.012679145539688913 54.4680344783
0.014226235280311384 57.999334417
0.01596209851975103 61.5367974985
0.017909769108546702 65.0202023754
0.02009509145207666 68.383531495
0.022547063450115642 71.5924165798
0.025298221281347035 74.5295720999
0.028385071138686022 77.2638470694
0.03184857364427975 79.7685103672
0.03573468737207708 81.9911403327
0.0400949786901818 83.876644706
0.04498730601522793 85.3949186967
0.050476587558415435 86.4631135167
0.05663566275073099 87.1396715504
0.06354625877794258 87.4045694247
0.07130007505069967 87.2655916589
0.08 86.7339552869
0.08976147634415704 85.7998310214
0.10071403294353329 84.3859421651
0.11300300356982045 82.6101307044
0.12679145539688913 80.5103502404
0.14226235280311383 78.1168311506
0.15962098519751028 75.4566305986
0.17909769108546703 72.5577676286
0.20095091452076658 69.3790997876
0.2254706345011564 66.065862939
0.2529822128134704 62.6463555121
0.28385071138686024 59.157792118
0.31848573644279754 55.6390905666
0.3573468737207708 52.1252514642
0.400949786901818 48.5946353965
0.44987306015227924 45.1401988352
0.5047658755841543 41.7812661639
0.5663566275073099 38.5372264109
0.6354625877794258 35.4255483149
0.7130007505069967 32.4604346382
0.8 29.6334081019
0.8976147634415704 26.9737680549
1.007140329435334 24.485830444
1.1300300356982032 22.1671586059
1.2679145539688914 20.0145488101
1.4226235280311381 18.0273625682
1.596209851975103 16.188164863
1.790976910854672 14.5032142852
2.0095091452076637 12.9642934782
2.254706345011564 11.5622148604
2.5298221281347035 10.2881658591
2.8385071138686024 9.13437674067
3.184857364427979 8.08875935078
3.5734687372077043 7.14782914194
4.009497869018181 6.30335757649
4.498730601522793 5.54705546217
5.047658755841544 4.87142327666
5.663566275073104 4.27008528607
6.35462587779425 3.7332619978
7.130007505069967 3.25722522538
8.0 2.83615718258
8.976147634415705 2.46452887816
10.07140329435334 2.13731598496
11.300300356982032 1.85006453427
12.679145539688912 1.59745604048
14.226235280311382 1.3766254401
15.96209851975103 1.1840522749
17.90976910854672 1.01644856709
20.095091452076634 0.870818218809
22.547063450115637 0.744477016642
25.298221281347036 0.63484352157
28.385071138686026 0.540362130456
31.84857364427979 0.458982404271
35.73468737207704 0.389063687739
40.0949786901818 0.32914715894
44.98730601522793 0.277860070831
50.476587558415446 0.233990249177
56.63566275073104 0.19663744478
63.54625877794251 0.164901755169
71.30007505069968 0.138005216329
80.0 0.11525812371
89.76147634415709 0.0960438158665
100.7140329435334 0.0797964168293
113.00300356982032 0.0661642047699
126.79145539688908 0.0547371439396
142.26235280311383 0.0451761242323
159.62098519751038 0.037197590693
179.0976910854672 0.0305620240475
200.95091452076636 0.0250235710826
225.4706345011563 0.0204405909874
252.98221281347034 0.0166521516271
283.8507113868604 0.0135272638252
318.4857364427979 0.0109564000634
357.3468737207704 0.00884662013916
400.9497869018178 0.00710914394628
449.87306015227927 0.00569241535708
504.7658755841546 0.00453978114501
566.3566275073105 0.0036038651027
635.4625877794251 0.00284603539053
713.0007505069964 0.00223506709314
800.0 0.00174179827803
897.6147634415709 0.00134782256171
1007.1403294353338 0.00103454151882
1130.0300356982036 0.00078690800205
1267.9145539688907 0.00059251281664
1422.6235280311384 0.000441054073041
1596.209851975104 0.000322704492651
1790.9769108546716 0.000232490217624
2009.509145207664 0.000164465134616
2254.706345011563 0.000113973328924
2529.8221281347037 7.71944908366e-05
2838.507113868604 5.09582135084e-05
3184.8573644279777 3.23015021088e-05
3573.468737207705 1.96883507993e-05
4009.497869018178 1.15153359519e-05
4498.730601522792 6.48072973057e-06
5047.658755841546 3.44619793444e-06
5663.5662750731035 1.7662201369e-06
6354.625877794252 8.99121099148e-07
7130.007505069964 4.7961166213e-07
8000.0 3.17794987133e-07
