E(GeV) dN/dE (GeV^-1)
1.007140329435333e-07 0.0
1.1300300356982043e-07 0.0
1.2679145539688888e-07 0.0
1.4226235280311383e-07 0.0
1.5962098519751064e-07 0.0
1.7909769108546702e-07 0.0
2.0095091452076657e-07 0.0
2.2547063450115595e-07 0.0
2.5298221281347034e-07 0.0
2.8385071138686083e-07 0.0
3.184857364427975e-07 0.0
3.573468737207708e-07 0.0
4.0094978690181715e-07 0.0
4.498730601522793e-07 0.0
5.047658755841554e-07 0.0
5.663566275073099e-07 0.0
6.354625877794258e-07 0.0
7.130007505069953e-07 0.0
8e-07 0.0
8.976147634415704e-07 0.0
1.007140329435333e-06 0.0
1.1300300356982044e-06 0.0
1.2679145539688915e-06 0.0
1.4226235280311382e-06 0.0
1.596209851975103e-06 0.0
1.7909769108546702e-06 0.0
2.009509145207666e-06 0.0
2.254706345011564e-06 0.0
2.5298221281347034e-06 0.0
2.8385071138686025e-06 0.0
3.184857364427975e-06 0.0
3.573468737207708e-06 0.0
4.00949786901818e-06 0.0
4.498730601522792e-06 0.0
5.047658755841544e-06 0.0
5.663566275073098e-06 0.0
6.3546258777942576e-06 0.0
7.130007505069967e-06 0.0
8e-06 0.0
8.976147634415704e-06 0.0
1.0071403294353329e-05 0.0
1.1300300356982043e-05 0.0
1.2679145539688913e-05 0.0
1.4226235280311382e-05 0.0
1.596209851975103e-05 0.0
1.79097691085467e-05 0.0
2.0095091452076658e-05 0.0
2.2547063450115638e-05 0.0
2.5298221281347034e-05 0.0
2.8385071138686027e-05 0.0
3.184857364427975e-05 0.0
3.573468737207708e-05 0.0
4.00949786901818e-05 0.0
4.498730601522792e-05 0.0
5.047658755841544e-05 0.0
5.663566275073099e-05 0.0
6.354625877794257e-05 0.0
7.130007505069968e-05 0.0
7.999999999999999e-05 0.00542868102379
8.976147634415704e-05 0.00967663411056
0.00010071403294353329 0.00862430922902
0.00011300300356982044 0.0115296355367
0.00012679145539688913 0.0102757984884
0.00014226235280311383 0.0152638584048
0.0001596209851975103 0.0163247137474
0.000179097691085467 0.0193992219228
0.00020095091452076658 0.0237731652644
0.00022547063450115642 0.0308186994099
0.0002529822128134703 0.0497842905046
0.0002838507113868602 0.0734404892963
0.00031848573644279756 0.0927263653916
0.0003573468737207708 0.109379726663
0.000400949786901818 0.138645026134
0.0004498730601522793 0.168939954545
0.0005047658755841543 0.224561257525
0.0005663566275073099 0.285257626417
0.0006354625877794258 0.35059982051
0.0007130007505069967 0.425766512356
0.0008 0.520610510182
0.0008976147634415704 0.632851870831
0.0010071403294353329 0.771444460536
0.0011300300356982043 0.930825908994
0.0012679145539688914 1.11903445539
0.0014226235280311384 1.34596703413
0.0015962098519751028 1.6218603108
0.0017909769108546704 1.95907892393
0.002009509145207666 2.32436720381
0.002254706345011564 2.77772790119
0.0025298221281347035 3.29966844065
0.0028385071138686026 3.88025885217
0.0031848573644279758 4.52627389183
0.003573468737207708 5.25849112582
0.00400949786901818 6.13742536784
0.004498730601522793 7.11893661029
0.005047658755841544 8.21636086153
0.005663566275073098 9.43865341945
0.0063546258777942575 10.7917768533
0.0071300075050699675 12.285526215
0.008 13.8849917414
0.008976147634415704 15.6059432786
0.01007140329435334 17.4588359955
0.011300300356982033 19.4130238349
0.012679145539688914 21.4303490109
0.014226235280311382 23.5293293141
0.01596209851975103 25.6353237782
0.01790976910854672 27.7402568749
0.020095091452076635 29.818810863
0.02254706345011564 31.8533794575
0.025298221281347035 33.8248889965
0.028385071138686026 35.698825143
0.03184857364427979 37.3680707138
0.035734687372077044 38.8304835502
0.040094978690181804 40.0678818024
0.04498730601522793 41.0810322095
0.05047658755841544 41.8667190357
0.05663566275073104 42.3914840634
0.06354625877794251 42.5544051811
0.07130007505069967 42.4308612288
0.08 42.0362694931
0.08976147634415704 41.3697203289
0.1007140329435334 40.4385752898
0.11300300356982032 39.2808418299
0.12679145539688913 37.8397133875
0.14226235280311383 36.2139528228
0.1596209851975103 34.4367387793
0.1790976910854672 32.5367387443
0.20095091452076635 30.5447071747
0.2254706345011564 28.4978972508
0.25298221281347033 26.3657585345
0.28385071138686024 24.240949065
0.3184857364427979 22.1487396363
0.35734687372077045 20.1096183092
0.400949786901818 18.1434704769
0.4498730601522793 16.2715685319
0.5047658755841544 14.4867349529
0.5663566275073104 12.8219131565
0.6354625877794251 11.2873438904
0.7130007505069967 9.88757328
0.8 8.62125304746
0.8976147634415709 7.4819217243
1.007140329435334 6.45739547722
1.1300300356982032 5.55222550893
1.2679145539688907 4.75566214719
1.4226235280311383 4.05832658716
1.5962098519751038 3.45088858517
1.7909769108546718 2.9236463089
2.0095091452076637 2.46566906291
2.254706345011563 2.07139817437
2.529822128134703 1.73349963891
2.838507113868604 1.44508544786
3.1848573644279785 1.19999930336
3.573468737207704 0.992860439531
4.009497869018178 0.816958342664
4.498730601522793 0.669259105266
5.047658755841546 0.54559919361
5.663566275073104 0.442476063619
6.354625877794251 0.356844051154
7.130007505069964 0.286019709986
8.0 0.22750592436
8.976147634415709 0.179635922816
10.071403294353338 0.140710952143
11.300300356982035 0.10924456497
12.679145539688907 0.083975161101
14.226235280311384 0.0638453616583
15.962098519751038 0.0477774036851
17.909769108546715 0.035226562109
20.09509145207664 0.0255399436829
22.54706345011563 0.0181679892742
25.298221281347036 0.012641003874
28.385071138686037 0.00856313045175
31.848573644279774 0.0055695409561
35.734687372077055 0.00349366138942
40.094978690181776 0.00209244589872
44.98730601522793 0.00119442478606
50.47658755841546 0.000627919736989
56.63566275073103 0.000304290137942
63.54625877794252 0.00013483399335
71.30007505069965 5.8754560489e-05
80.0 3.33646735722e-05
