E(GeV) dN/dE (GeV^-1)
1.007140329435333e-08 0.0
1.1300300356982044e-08 0.0
1.2679145539688887e-08 0.0
1.4226235280311383e-08 0.0
1.5962098519751062e-08 0.0
1.7909769108546702e-08 0.0
2.0095091452076656e-08 0.0
2.2547063450115595e-08 0.0
2.5298221281347036e-08 0.0
2.8385071138686083e-08 0.0
3.184857364427975e-08 0.0
3.573468737207708e-08 0.0
4.009497869018172e-08 0.0
4.498730601522793e-08 0.0
5.047658755841554e-08 0.0
5.663566275073099e-08 0.0
6.354625877794258e-08 0.0
7.130007505069953e-08 0.0
8e-08 0.0
8.976147634415704e-08 0.0
1.0071403294353329e-07 0.0
1.1300300356982043e-07 0.0
1.2679145539688914e-07 0.0
1.4226235280311383e-07 0.0
1.596209851975103e-07 0.0
1.7909769108546702e-07 0.0
2.0095091452076657e-07 0.0
2.254706345011564e-07 0.0
2.5298221281347034e-07 0.0
2.8385071138686025e-07 0.0
3.184857364427975e-07 0.0
3.5734687372077077e-07 0.0
4.00949786901818e-07 0.0
4.4987306015227924e-07 0.0
5.047658755841544e-07 0.0
5.663566275073098e-07 0.0
6.354625877794258e-07 0.0
7.130007505069967e-07 0.0
8e-07 0.0
8.976147634415704e-07 0.0
1.007140329435333e-06 0.0
1.1300300356982044e-06 0.0
1.2679145539688913e-06 0.0
1.4226235280311382e-06 0.0
1.596209851975103e-06 0.0
1.7909769108546702e-06 0.0
2.009509145207666e-06 0.0
2.254706345011564e-06 0.0
2.5298221281347034e-06 0.0
2.8385071138686025e-06 0.0
3.1848573644279754e-06 0.0
3.573468737207708e-06 0.0
4.00949786901818e-06 0.0
4.498730601522792e-06 0.0
5.047658755841544e-06 0.0
5.663566275073099e-06 0.0
6.3546258777942576e-06 0.0
7.130007505069967e-06 0.0
8e-06 0.0
8.976147634415704e-06 0.0
1.0071403294353329e-05 0.0
1.1300300356982043e-05 0.0
1.2679145539688913e-05 0.0
1.4226235280311383e-05 0.0
1.596209851975103e-05 0.0
1.79097691085467e-05 0.0
2.0095091452076658e-05 0.0
2.254706345011564e-05 0.0
2.5298221281347034e-05 0.0
2.8385071138686023e-05 0.0
3.184857364427975e-05 0.0
3.573468737207708e-05 0.0
4.00949786901818e-05 0.0
4.498730601522793e-05 0.0
5.047658755841544e-05 0.0
5.6635662750730986e-05 0.0
6.354625877794257e-05 0.0
7.130007505069968e-05 0.0
8e-05 0.0
8.976147634415704e-05 0.0
0.00010071403294353329 0.0
0.00011300300356982044 0.0
0.00012679145539688913 0.0
0.00014226235280311383 0.0
0.0001596209851975103 0.0
0.00017909769108546703 0.0
0.00020095091452076658 0.00216119684222
0.0002254706345011564 0.00192616871312
0.00025298221281347036 0.00171669967257
0.00028385071138686027 0.00306002038735
0.00031848573644279756 0.0040908690614
0.0003573468737207708 0.00850731207375
0.000400949786901818 0.0086653141334
0.00044987306015227926 0.00965371168828
0.0005047658755841543 0.0111850434782
0.0005663566275073099 0.0122691452222
0.0006354625877794258 0.0123017480881
0.0007130007505069967 0.0170550248154
0.0008 0.0244290646071
0.0008976147634415704 0.0314490608593
0.001007140329435334 0.0431215461451
0.0011300300356982033 0.0626443530826
0.0012679145539688914 0.0914546065468
0.0014226235280311382 0.134321953962
0.001596209851975103 0.193175779344
0.001790976910854672 0.26746677226
0.0020095091452076636 0.364161667914
0.002254706345011564 0.488669002518
0.0025298221281347035 0.645479076887
0.0028385071138686026 0.844106623849
0.003184857364427979 1.08353485206
0.0035734687372077044 1.37502469718
0.00400949786901818 1.73512083879
0.004498730601522793 2.17391933508
0.005047658755841544 2.69611171103
0.005663566275073104 3.31113556685
0.0063546258777942505 4.00886632972
0.0071300075050699675 4.80976064115
0.008 5.71314390944
0.008976147634415704 6.71577760541
0.01007140329435334 7.81517653715
0.011300300356982032 9.01705892841
0.012679145539688913 10.2689479561
0.014226235280311382 11.5860317221
0.01596209851975103 12.9550479592
0.01790976910854672 14.3611227443
0.020095091452076635 15.7848846603
0.02254706345011564 17.1978744018
0.025298221281347035 18.5301249337
0.028385071138686026 19.7886775418
0.03184857364427979 20.9501859097
0.035734687372077044 21.996190112
0.0400949786901818 22.9086426175
0.04498730601522793 23.6640951929
0.05047658755841544 24.1977660802
0.05663566275073104 24.5483971528
0.06354625877794251 24.6971534849
0.07130007505069967 24.6363183553
0.08 24.3681276626
0.08976147634415708 23.9027571015
0.1007140329435334 23.1968907764
0.11300300356982032 22.3350869789
0.12679145539688907 21.3280123337
0.14226235280311383 20.1982211751
0.1596209851975104 18.9741358858
0.1790976910854672 17.6847768869
0.20095091452076635 16.3082595384
0.2254706345011563 14.9084957592
0.25298221281347033 13.5084110177
0.2838507113868604 12.1293807218
0.3184857364427979 10.7889839743
0.3573468737207704 9.50009959347
0.40094978690181776 8.26652662851
0.4498730601522793 7.12039335538
0.5047658755841546 6.06899254586
0.5663566275073104 5.11874259786
0.6354625877794251 4.2734208898
0.7130007505069964 3.53335283824
0.8 2.88385704841
0.8976147634415709 2.33196818365
1.0071403294353338 1.86772352818
1.1300300356982036 1.48102665026
1.2679145539688907 1.16218801367
1.4226235280311383 0.902158445204
1.5962098519751038 0.689795065745
1.7909769108546716 0.520082470178
2.009509145207664 0.385795032185
2.254706345011563 0.281018577017
2.5298221281347035 0.200559447697
2.8385071138686038 0.139804222444
3.1848573644279776 0.0939273081858
3.573468737207705 0.0609544048763
4.009497869018178 0.0379248304691
4.498730601522793 0.0225954775776
5.047658755841546 0.0124434469083
5.663566275073103 0.00628471627577
6.354625877794252 0.00280172312706
7.1300075050699645 0.00116242176277
8.0 0.000615395280857
