E(GeV) dN/dE (GeV^-1)
1.1330328706147496e-06 0.0
1.27128379016048e-06 0.0
1.4264038732149998e-06 0.0
1.6004514690350305e-06 0.0
1.7957360834719944e-06 0.0
2.014849024711504e-06 0.0
2.260697788358624e-06 0.0
2.5365446381380042e-06 0.0
2.8460498941515417e-06 0.0
3.1933205031021843e-06 0.0
3.582964534981472e-06 0.0
4.020152329358671e-06 0.0
4.510685102645444e-06 0.0
5.061071926713142e-06 0.0
5.6786161003217485e-06 0.0
6.3715120594572366e-06 0.0
7.14895411251854e-06 0.0
8.021258443203697e-06 0.0
9e-06 0.0
1.0098166088717666e-05 0.0
1.1330328706147494e-05 0.0
1.2712837901604799e-05 0.0
1.4264038732150028e-05 0.0
1.6004514690350304e-05 0.0
1.7957360834719906e-05 0.0
2.014849024711504e-05 0.0
2.260697788358624e-05 0.0
2.5365446381380097e-05 0.0
2.846049894151541e-05 0.0
3.193320503102178e-05 0.0
3.5829645349814724e-05 0.0121210935152
4.020152329358671e-05 0.0216058719333
4.5106851026454526e-05 0.0288843804447
5.0610719267131415e-05 0.034324308225
5.6786161003217365e-05 0.0305915719063
6.371512059457236e-05 0.0408971507407
7.14895411251854e-05 0.0607493732744
8.021258443203713e-05 0.0703858166984
8.999999999999999e-05 0.0627314251638
0.00010098166088717668 0.0731123466132
0.00011330328706147496 0.0919926317762
0.000127128379016048 0.122982779058
0.00014264038732150026 0.170502137882
0.00016004514690350305 0.195377387581
0.0001795736083471991 0.229755230518
0.0002014849024711504 0.275900045124
0.00022606977883586241 0.330422983877
0.0002536544638138009 0.397218792394
0.0002846049894151541 0.473046131997
0.00031933205031021777 0.556243705966
0.0003582964534981472 0.647266393714
0.00040201523293586713 0.757285811264
0.00045106851026454524 0.895415793785
0.0005061071926713141 1.06491166268
0.0005678616100321737 1.25960797324
0.0006371512059457237 1.47502390338
0.000714895411251854 1.74593698791
0.0008021258443203713 2.03577439066
0.0009 2.37124787119
0.0010098166088717668 2.76364670198
0.0011330328706147495 3.21437587531
0.0012712837901604798 3.73491867622
0.0014264038732150026 4.33532132374
0.0016004514690350306 5.01522899621
0.0017957360834719909 5.77000030495
0.0020148490247115037 6.60220186106
0.002260697788358624 7.5267282025
0.0025365446381380094 8.57239245586
0.0028460498941515412 9.75619498363
0.0031933205031021775 11.0521136346
0.003582964534981472 12.4488478839
0.004020152329358671 13.9882896658
0.004510685102645452 15.7154137123
0.005061071926713142 17.5785079713
0.005678616100321737 19.562316008
0.006371512059457236 21.7137287285
0.0071489541125185395 24.0322090699
0.008021258443203713 26.492625833
0.009000000000000001 29.0740371108
0.010098166088717667 31.8087305974
0.011330328706147495 34.5365254359
0.012712837901604799 37.3497675142
0.014264038732150028 40.2140557514
0.016004514690350306 43.0989491845
0.017957360834719906 45.9663308727
0.020148490247115042 48.7528743643
0.02260697788358624 51.3888232504
0.025365446381380094 53.8808458233
0.028460498941515415 56.2068073196
0.03193320503102178 58.3413014982
0.035829645349814726 60.2446832278
0.04020152329358671 61.8509135249
0.04510685102645453 63.0765835243
0.05061071926713142 63.9976040369
0.056786161003217366 64.5936222629
0.06371512059457236 64.8370272593
0.0714895411251854 64.7180144067
0.08021258443203713 64.2694245847
0.09000000000000001 63.3896467061
0.10098166088717667 62.1800294531
0.11330328706147506 60.6712948172
0.12712837901604787 58.882740311
0.14264038732150028 56.8390158949
0.16004514690350305 54.5841057976
0.1795736083471991 52.0812687514
0.20148490247115058 49.4383631147
0.22606977883586216 46.6977543586
0.25365446381380097 43.8875041545
0.28460498941515416 41.0372158412
0.3193320503102178 38.1887987524
0.3582964534981476 35.3211622581
0.4020152329358667 32.5201667245
0.45106851026454525 29.808685433
0.5061071926713142 27.2046186252
0.5678616100321737 24.7239233357
0.6371512059457242 22.3822430972
0.7148954112518532 20.1632625192
0.8021258443203714 18.0989320229
0.9 16.1897368224
1.0098166088717668 14.4346634875
1.1330328706147508 12.8300870139
1.2712837901604785 11.3694788213
1.4264038732150026 10.0384677331
1.6004514690350304 8.83627910799
1.795736083471991 7.75691386457
2.014849024711506 6.79151972999
2.2606977883586215 5.93056849437
2.5365446381380092 5.16505855788
2.8460498941515415 4.48284867928
3.193320503102178 3.88107689762
3.582964534981476 3.35158987107
4.020152329358668 2.88689979886
4.510685102645452 2.48031388022
5.061071926713142 2.12592202449
5.6786161003217375 1.81661166662
6.371512059457243 1.54831602803
7.148954112518532 1.31638418367
8.021258443203713 1.11644450202
9.0 0.944521686592
10.098166088717672 0.79707420035
11.330328706147508 0.670634373334
12.712837901604786 0.562720003857
14.264038732150022 0.470900811913
16.004514690350305 0.39305675496
17.957360834719918 0.327242478901
20.14849024711506 0.271649373835
22.606977883586215 0.224710316801
25.36544638138008 0.185382849364
28.46049894151541 0.152455291162
31.933205031021796 0.124980888684
35.82964534981476 0.10213887935
40.20152329358667 0.0831817859202
45.1068510264545 0.0674310290419
50.61071926713142 0.054438146899
56.786161003217394 0.0437643639523
63.71512059457242 0.0350204005841
71.48954112518533 0.0278757125681
80.21258443203709 0.0220562619494
90.0 0.0173180715252
100.98166088717673 0.0135053943802
113.30328706147506 0.0104449124063
127.1283790160479 0.00800661618877
142.6403873215002 0.00607932070915
160.04514690350305 0.00456400220602
179.57360834719918 0.00336914037422
201.48490247115055 0.00244837795434
226.06977883586222 0.001748878906
253.65446381380085 0.00122408449756
284.60498941515414 0.000836542409601
319.33205031021794 0.000556606828386
358.29645349814746 0.00035658196536
402.01523293586683 0.000219811659288
451.068510264545 0.00012928648687
506.1071926713142 7.26534051121e-05
567.8616100321739 3.8029147826e-05
637.1512059457241 1.87090832255e-05
714.8954112518534 8.81351907466e-06
802.125844320371 4.26104905705e-06
900.0 2.63134201091e-06
