E(GeV) dN/dE (GeV^-1)
1.1330328706147497e-07 0.0
1.27128379016048e-07 0.0
1.4264038732149997e-07 0.0
1.6004514690350305e-07 0.0
1.7957360834719944e-07 0.0
2.014849024711504e-07 0.0
2.2606977883586238e-07 0.0
2.5365446381380044e-07 0.0
2.846049894151542e-07 0.0
3.193320503102184e-07 0.0
3.582964534981472e-07 0.0
4.020152329358672e-07 0.0
4.5106851026454435e-07 0.0
5.061071926713142e-07 0.0
5.678616100321748e-07 0.0
6.371512059457237e-07 0.0
7.148954112518539e-07 0.0
8.021258443203697e-07 0.0
9.000000000000001e-07 0.0
1.0098166088717667e-06 0.0
1.1330328706147494e-06 0.0
1.2712837901604798e-06 0.0
1.4264038732150028e-06 0.0
1.6004514690350305e-06 0.0
1.7957360834719908e-06 0.0
2.014849024711504e-06 0.0
2.260697788358624e-06 0.0
2.5365446381380097e-06 0.0
2.8460498941515413e-06 0.0
3.193320503102178e-06 0.0
3.582964534981472e-06 0.0
4.020152329358671e-06 0.0
4.510685102645453e-06 0.0
5.061071926713141e-06 0.0
5.678616100321737e-06 0.0
6.371512059457236e-06 0.0
7.14895411251854e-06 0.0
8.021258443203714e-06 0.0
9e-06 0.0
1.0098166088717666e-05 0.0
1.1330328706147496e-05 0.0
1.2712837901604799e-05 0.0
1.4264038732150026e-05 0.0
1.6004514690350304e-05 0.0
1.795736083471991e-05 0.0
2.014849024711504e-05 0.0
2.260697788358624e-05 0.0
2.5365446381380093e-05 0.0
2.846049894151541e-05 0.0
3.193320503102178e-05 0.0
3.5829645349814724e-05 0.0
4.0201523293586716e-05 0.0
4.5106851026454526e-05 0.0
5.0610719267131415e-05 0.0
5.6786161003217365e-05 0.00764789297658
6.371512059457237e-05 0.0136323835802
7.14895411251854e-05 0.00607493732744
8.021258443203713e-05 0.0
8.999999999999999e-05 0.0
0.00010098166088717668 0.0
0.00011330328706147496 0.00766605264802
0.000127128379016048 0.0102485649215
0.00014264038732150026 0.015223405168
0.00016004514690350305 0.0189950237926
0.0001795736083471991 0.0290217133286
0.0002014849024711504 0.0431093820506
0.00022606977883586241 0.0595529796523
0.00025365446381380097 0.0753345985575
0.0002846049894151541 0.0793496737544
0.00031933205031021777 0.0911206070899
0.0003582964534981472 0.116362497746
0.00040201523293586713 0.154481984323
0.00045106851026454524 0.201227850431
0.0005061071926713142 0.252283665454
0.0005678616100321737 0.315093190635
0.0006371512059457236 0.396702362185
0.000714895411251854 0.486602479928
0.0008021258443203713 0.583660849238
0.0009000000000000001 0.698249017016
0.0010098166088717668 0.849823511221
0.0011330328706147495 1.01690188376
0.00127128379016048 1.21479656203
0.0014264038732150026 1.46083795992
0.0016004514690350306 1.75948191816
0.0017957360834719909 2.10455791155
0.002014849024711504 2.50249962804
0.002260697788358624 2.96035940787
0.0025365446381380094 3.47532200346
0.0028460498941515417 4.07842063545
0.003193320503102178 4.78247186316
0.0035829645349814724 5.58043024348
0.004020152329358671 6.45432212265
0.004510685102645452 7.45939124984
0.0050610719267131414 8.60313042428
0.005678616100321736 9.85599263677
0.006371512059457236 11.2303575934
0.0071489541125185395 12.7605881044
0.008021258443203713 14.451236884
0.009000000000000001 16.2156873653
0.010098166088717667 18.0957358594
0.011330328706147507 20.0720639786
0.012712837901604787 22.1350554887
0.014264038732150028 24.2710097743
0.016004514690350306 26.4378439653
0.01795736083471991 28.5920468628
0.02014849024711506 30.7115979761
0.022606977883586215 32.7899666497
0.025365446381380094 34.7799124526
0.028460498941515415 36.6341116003
0.03193320503102178 38.363298795
0.03582964534981476 39.8292951153
0.04020152329358667 41.0859529301
0.04510685102645453 42.1074957622
0.05061071926713142 42.8704602976
0.056786161003217366 43.3611287951
0.06371512059457242 43.5831938071
0.07148954112518532 43.4610189561
0.08021258443203713 43.0443270875
0.09 42.3445033666
0.10098166088717667 41.3855362498
0.11330328706147508 40.1921941072
0.12712837901604784 38.7797087835
0.14264038732150028 37.1152159315
0.16004514690350305 35.3000157329
0.1795736083471991 33.3598475968
0.20148490247115058 31.3288790622
0.22606977883586216 29.239423766
0.2536544638138009 27.1146940961
0.28460498941515416 24.9407255641
0.3193320503102178 22.7990694985
0.3582964534981476 20.7128058082
0.4020152329358667 18.7037117991
0.4510685102645452 16.7895188745
0.5061071926713142 14.9824936078
0.5678616100321737 13.2782320169
0.6371512059457243 11.7079108961
0.7148954112518533 10.2716133821
0.8021258443203713 8.96797168857
0.9 7.7945532944
1.0098166088717673 6.74797972344
1.1330328706147508 5.81261155087
1.2712837901604785 4.9884992241
1.4264038732150022 4.26531679955
1.6004514690350307 3.63391059466
1.795736083471992 3.08518225711
2.014849024711506 2.60977215215
2.2606977883586215 2.19801998639
2.5365446381380083 1.84443872079
2.846049894151541 1.54197748959
3.1933205031021794 1.28413225151
3.582964534981476 1.06514218355
4.020152329358667 0.880001654348
4.51068510264545 0.723292230215
5.061071926713142 0.591930418309
5.67861610032174 0.4821048183
6.371512059457242 0.390683119539
7.148954112518532 0.31492912501
8.02125844320371 0.252392547665
9.0 0.200583587196
10.098166088717672 0.158279198892
11.330328706147505 0.12386558722
12.712837901604791 0.0960814918049
14.264038732150022 0.0738109539784
16.004514690350305 0.056037708134
17.957360834719918 0.0419213086537
20.148490247115056 0.0308952008342
22.60697788358622 0.022375668149
25.36544638138008 0.0158862348353
28.460498941515414 0.0110301997744
31.933205031021792 0.00747259698608
35.82964534981475 0.00486718873777
40.20152329358668 0.00304701130114
45.1068510264545 0.00182046696191
50.610719267131415 0.0010381644455
56.786161003217394 0.000546541375785
63.71512059457241 0.000265163493019
71.48954112518534 0.000117051892425
80.2125844320371 5.11488315654e-05
90.0 2.92231931378e-05
