E(GeV) dN/dE (GeV^-1)
1.2589254117941663e-08 0.0
1.4125375446227554e-08 0.0
1.584893192461111e-08 0.0
1.7782794100389228e-08 0.0
1.995262314968883e-08 0.0
2.2387211385683378e-08 0.0
2.511886431509582e-08 0.0
2.8183829312644494e-08 0.0
3.162277660168379e-08 0.0
3.5481338923357604e-08 0.0
3.981071705534969e-08 0.0
4.466835921509635e-08 0.0
5.0118723362727144e-08 0.0
5.623413251903491e-08 0.0
6.309573444801943e-08 0.0
7.079457843841374e-08 0.0
7.943282347242822e-08 0.0
8.912509381337442e-08 0.0
1e-07 0.0
1.122018454301963e-07 0.0
1.2589254117941662e-07 0.0
1.4125375446227555e-07 0.0
1.5848931924611143e-07 0.0
1.7782794100389227e-07 0.0
1.9952623149688787e-07 0.0
2.2387211385683377e-07 0.0
2.5118864315095823e-07 0.0
2.818382931264455e-07 0.0
3.162277660168379e-07 0.0
3.548133892335753e-07 0.0
3.9810717055349687e-07 0.0
4.466835921509635e-07 0.0
5.011872336272725e-07 0.0
5.62341325190349e-07 0.0
6.30957344480193e-07 0.0
7.079457843841373e-07 0.0
7.943282347242822e-07 0.0
8.912509381337459e-07 0.0
1e-06 0.0
1.122018454301963e-06 0.0
1.2589254117941661e-06 0.0
1.4125375446227554e-06 0.0
1.584893192461114e-06 0.0
1.7782794100389227e-06 0.0
1.9952623149688787e-06 0.0
2.2387211385683376e-06 0.0
2.5118864315095823e-06 0.0
2.8183829312644547e-06 0.0
3.162277660168379e-06 0.0
3.5481338923357534e-06 0.0
3.981071705534969e-06 0.0
4.466835921509635e-06 0.0
5.011872336272725e-06 0.0
5.62341325190349e-06 0.0
6.30957344480193e-06 0.0
7.079457843841374e-06 0.0
7.943282347242822e-06 0.0
8.91250938133746e-06 0.0
9.999999999999999e-06 0.0
1.122018454301963e-05 0.0
1.2589254117941661e-05 0.0
1.4125375446227555e-05 0.0
1.584893192461114e-05 0.0
1.778279410038923e-05 0.0
1.9952623149688786e-05 0.0
2.2387211385683376e-05 0.0
2.5118864315095822e-05 0.0
2.8183829312644552e-05 0.0
3.162277660168379e-05 0.0
3.548133892335753e-05 0.0
3.9810717055349695e-05 0.0
4.466835921509635e-05 0.0
5.011872336272725e-05 0.0
5.6234132519034914e-05 0.0
6.309573444801929e-05 0.0
7.079457843841373e-05 0.0
7.943282347242822e-05 0.0
8.912509381337459e-05 0.0
0.0001 0.0
0.0001122018454301963 0.0
0.0001258925411794166 0.0
0.00014125375446227554 0.00307456947645
0.00015848931924611142 0.00548042586048
0.0001778279410038923 0.00732665203429
0.00019952623149688785 0.00652988549894
0.0002238721138568338 0.00581976657684
0.0002511886431509582 0.00345791494755
0.0002818382931264455 0.00462280491149
0.00031622776601683794 0.00549343895223
0.0003548133892335753 0.00612004077469
0.00039810717055349697 0.00763628891461
0.0004466835921509635 0.011667170844
0.0005011872336272725 0.0103983769601
0.0005623413251903491 0.0115844540259
0.000630957344480193 0.0151428280936
0.0007079457843841373 0.0208575468778
0.0007943282347242822 0.0306176841303
0.0008912509381337459 0.0428812052501
0.001 0.0621041109122
0.001122018454301963 0.0894120991816
0.0012589254117941675 0.126259887113
0.0014125375446227542 0.176787744896
0.0015848931924611143 0.245797099843
0.0017782794100389228 0.322372689509
0.001995262314968879 0.43336673428
0.00223872113856834 0.584692548753
0.0025118864315095794 0.771115033304
0.002818382931264455 0.99544399094
0.0031622776601683794 1.27104443757
0.0035481338923357532 1.60712270743
0.003981071705534973 2.01750753124
0.0044668359215096305 2.50309427816
0.0050118723362727255 3.06847438778
0.005623413251903491 3.72795453524
0.00630957344480193 4.49914071973
0.00707945784384138 5.37946806841
0.007943282347242814 6.36596327505
0.008912509381337459 7.45080432678
0.01 8.632297699
0.01122018454301963 9.9062025782
0.012589254117941675 11.2656936652
0.01412537544622754 12.7016921668
0.01584893192461114 14.1651197109
0.01778279410038923 15.6401552533
0.01995262314968879 17.1028366697
0.0223872113856834 18.5473244913
0.025118864315095794 19.9648597952
0.02818382931264455 21.3098054379
0.03162277660168379 22.522797565
0.03548133892335753 23.6234430709
0.039810717055349734 24.5761631564
0.04466835921509631 25.3612112202
0.05011872336272725 25.9647212734
0.05623413251903491 26.3657462619
0.0630957344480193 26.5018076018
0.0707945784384138 26.4298184288
0.07943282347242814 26.1520456929
0.08912509381337459 25.6721102134
0.1 24.9961967421
0.11220184543019636 24.1342221894
0.12589254117941676 23.0725420362
0.1412537544622754 21.887758642
0.15848931924611134 20.6004193506
0.1778279410038923 19.2328669981
0.19952623149688797 17.81055219
0.22387211385683398 16.3623455079
0.25118864315095796 14.8700232381
0.28183829312644537 13.3952537015
0.3162277660168379 11.9547325795
0.3548133892335755 10.5707841237
0.3981071705534973 9.2608984722
0.446683592150963 8.03280726326
0.5011872336272722 6.88353057801
0.5623413251903491 5.83947922864
0.6309573444801932 4.90557973224
0.707945784384138 4.08226115938
0.7943282347242814 3.36578725435
0.8912509381337455 2.7491818014
1.0 2.21864591044
1.1220184543019636 1.77457277029
1.2589254117941673 1.40559612765
1.4125375446227544 1.10151063348
1.5848931924611134 0.853380128524
1.778279410038923 0.653361766032
1.9952623149688797 0.491623543084
2.2387211385683394 0.36400971605
2.51188643150958 0.264559712869
2.8183829312644537 0.188462202444
3.1622776601683795 0.131384107373
3.5481338923357546 0.0893950683935
3.981071705534972 0.058574481389
4.466835921509632 0.0370318919381
5.011872336272722 0.0224328518817
5.623413251903491 0.0130098052493
6.3095734448019325 0.00700397097952
7.079457843841379 0.00349051046999
7.943282347242815 0.00158227817631
8.912509381337456 0.000690095032673
10.0 0.00038756439565
