E(GeV) dN/dE (GeV^-1)
1.2589254117941663e-06 1.03491710748
1.4125375446227554e-06 1.22982779058
1.584893192461111e-06 1.37010646512
1.778279410038923e-06 1.46533040686
1.995262314968883e-06 1.52363994975
2.2387211385683376e-06 1.55193775382
2.511886431509582e-06 1.72895747378
2.818382931264449e-06 1.84912196459
3.1622776601683796e-06 2.06003960709
3.54813389233576e-06 2.0808138634
3.981071705534969e-06 2.18179683274
4.4668359215096355e-06 2.2362077451
5.011872336272715e-06 2.33963481602
5.623413251903491e-06 2.39412049869
6.309573444801943e-06 2.40908628762
7.079457843841373e-06 2.45382904444
7.943282347242822e-06 2.46034961761
8.91250938133744e-06 2.43643211648
1e-05 2.38861965047
1.122018454301963e-05 2.32239218654
1.2589254117941661e-05 2.27681763646
1.4125375446227553e-05 2.18294432828
1.584893192461114e-05 2.10996395629
1.778279410038923e-05 2.0514625696
1.9952623149688786e-05 1.98073193468
2.238721138568338e-05 1.86232530459
2.5118864315095822e-05 1.76353662325
2.8183829312644552e-05 1.64880041843
3.162277660168379e-05 1.551896504
3.5481338923357534e-05 1.44432962283
3.981071705534969e-05 1.3527140363
4.466835921509635e-05 1.27366615047
5.011872336272725e-05 1.17848272214
5.623413251903491e-05 1.09666164779
6.309573444801929e-05 1.0118162408
7.079457843841373e-05 0.9385896095
7.943282347242822e-05 0.869323531557
8.912509381337459e-05 0.813768326906
9.999999999999999e-05 0.742643564055
0.0001122018454301963 0.692847002316
0.0001258925411794166 0.669246396172
0.00014125375446227554 0.661032437436
0.00015848931924611142 0.657651103258
0.00017782794100389227 0.67160976981
0.00019952623149688788 0.681284720389
0.00022387211385683378 0.710011522374
0.0002511886431509582 0.736535883828
0.0002818382931264455 0.767385615307
0.00031622776601683794 0.822642483096
0.0003548133892335753 0.916782108049
0.0003981071705534969 1.04835337813
0.0004466835921509635 1.15407764932
0.0005011872336272725 1.28159996033
0.000562341325190349 1.46659187968
0.000630957344480193 1.72215254047
0.0007079457843841374 1.9906688123
0.0007943282347242822 2.2919523549
0.0008912509381337459 2.639630555
0.001 3.03788990091
0.001122018454301963 3.48552360663
0.0012589254117941662 3.98581075328
0.0014125375446227555 4.5681953281
0.001584893192461114 5.24257537814
0.001778279410038923 6.01444865495
0.001995262314968879 6.87727540748
0.0022387211385683377 7.83553972683
0.0025118864315095825 8.90413098994
0.0028183829312644552 10.1060679105
0.0031622776601683794 11.4178381903
0.003548133892335753 12.8454759828
0.003981071705534969 14.4233134121
0.004466835921509635 16.1744906203
0.005011872336272725 18.0980284865
0.005623413251903491 20.1503082515
0.006309573444801929 22.3307844345
0.0070794578438413735 24.6889555478
0.007943282347242822 27.1997117671
0.008912509381337459 29.8364502412
0.01 32.5788611367
0.01122018454301963 35.4241060323
0.012589254117941661 38.2852750101
0.014125375446227556 41.1814599728
0.01584893192461114 44.085449892
0.01778279410038923 46.9821805921
0.019952623149688785 49.84205009
0.022387211385683378 52.5832205564
0.025118864315095822 55.1461705797
0.02818382931264455 57.5217772445
0.0316227766016838 59.6821353375
0.03548133892335753 61.5980390361
0.03981071705534969 63.2415957209
0.04466835921509635 64.5893702886
0.05011872336272725 65.5640543763
0.056234132519034905 66.1674743907
0.06309573444801929 66.4323715205
0.07079457843841373 66.3417649876
0.07943282347242822 65.8773536237
0.08912509381337459 65.0688082164
0.1 63.8596464675
0.1122018454301963 62.3432325535
0.12589254117941676 60.5458762794
0.1412537544622754 58.4928264845
0.15848931924611143 56.2131747057
0.17782794100389226 53.7437084172
0.19952623149688786 51.0532459018
0.223872113856834 48.2542085273
0.25118864315095796 45.3825748295
0.2818382931264455 42.472428472
0.31622776601683794 39.5579160485
0.3548133892335753 36.6742378536
0.39810717055349737 33.8084975445
0.44668359215096304 31.0242138541
0.5011872336272726 28.3475726106
0.5623413251903491 25.7950875613
0.630957344480193 23.3784499442
0.707945784384138 21.1076030996
0.7943282347242813 18.9698559648
0.8912509381337459 16.9927924917
1.0 15.1723452507
1.1220184543019631 13.504735724
1.2589254117941675 11.9844070293
1.412537544622754 10.6031859699
1.584893192461114 9.34745106649
1.7782794100389228 8.21770187074
1.9952623149688788 7.20571885325
2.23872113856834 6.30181163464
2.5118864315095792 5.4965319899
2.8183829312644546 4.78150565
3.1622776601683795 4.14699857573
3.5481338923357533 3.58725590245
3.9810717055349736 3.09516778624
4.46683592150963 2.66389550469
5.011872336272725 2.28707517984
5.623413251903491 1.95889943438
6.309573444801931 1.67235817235
7.07945784384138 1.42398582698
7.943282347242814 1.20950951225
8.91250938133746 1.02487440077
10.0 0.866293066028
11.220184543019636 0.730287873724
12.589254117941675 0.613811026812
14.12537544622754 0.514651108563
15.848931924611135 0.430429386229
17.78279410038923 0.359003287663
19.952623149688797 0.298561340216
22.3872113856834 0.247619001528
25.118864315095795 0.204558923626
28.183829312644537 0.16847596769
31.622776601683793 0.138314698623
35.48133892335755 0.113167179495
39.810717055349734 0.0922541263762
44.6683592150963 0.0749086037171
50.11872336272722 0.060526863944
56.23413251903491 0.0486776672968
63.09573444801933 0.0389589725358
70.79457843841381 0.0310077493744
79.43282347242814 0.0245260060981
89.12509381337455 0.0192783032317
100.0 0.0150104289762
112.20184543019636 0.0115955803265
125.89254117941672 0.00887526282869
141.25375446227545 0.00672479981968
158.48931924611134 0.0050397776996
177.8279410038923 0.00373082890455
199.526231496888 0.00271351133211
223.87211385683395 0.00194260704459
251.188643150958 0.00136545108074
281.83829312644536 0.00094033861546
316.22776601683796 0.000632899101686
354.8133892335755 0.000414848187921
398.1071705534972 0.000262306524217
446.68359215096314 0.000160510130622
501.18723362727224 9.49259167372e-05
562.341325190349 5.44793703931e-05
630.9573444801932 3.01032539398e-05
707.9457843841379 1.62768615091e-05
794.3282347242815 8.88131537523e-06
891.2509381337455 4.99371126595e-06
1000.0 3.37533671335e-06
