E(GeV) dN/dE (GeV^-1)
1.2589254117941663e-05 3.89818777152
1.4125375446227555e-05 3.75097476127
1.584893192461111e-05 3.58967893862
1.778279410038923e-05 3.44352645612
1.9952623149688827e-05 3.30847531946
2.2387211385683376e-05 3.16207317341
2.511886431509582e-05 3.02567557911
2.8183829312644495e-05 2.91236709424
3.1622776601683795e-05 2.81538746302
3.54813389233576e-05 2.70505802241
3.981071705534969e-05 2.61815619929
4.466835921509635e-05 2.51816437383
5.011872336272715e-05 2.41762264322
5.623413251903491e-05 2.30916783584
6.309573444801943e-05 2.20947628093
7.079457843841373e-05 2.13483126867
7.943282347242822e-05 2.0612262352
8.912509381337441e-05 1.98812860705
0.0001 1.92826749965
0.0001122018454301963 1.88887897838
0.0001258925411794166 1.83180328024
0.00014125375446227554 1.82629426901
0.00015848931924611142 1.84416330205
0.00017782794100389227 1.86829626874
0.00019952623149688788 1.90890319419
0.00022387211385683378 1.98066055832
0.0002511886431509582 2.11105707548
0.0002818382931264455 2.25746973178
0.00031622776601683794 2.43771353505
0.0003548133892335753 2.64630563098
0.0003981071705534969 2.87779002239
0.0004466835921509635 3.14721933517
0.0005011872336272725 3.53198204078
0.0005623413251903491 3.93485288414
0.000630957344480193 4.38591366421
0.0007079457843841373 4.8917082001
0.0007943282347242822 5.44940103084
0.0008912509381337459 6.08572014056
0.001 6.89746496159
0.001122018454301963 7.76530534105
0.0012589254117941662 8.70192801208
0.0014125375446227555 9.74146592917
0.001584893192461114 10.9123499521
0.0017782794100389228 12.1952123111
0.001995262314968879 13.5778085808
0.0022387211385683377 15.1042341891
0.0025118864315095825 16.7797051787
0.002818382931264455 18.6114125736
0.0031622776601683794 20.6080868854
0.0035481338923357532 22.7827085895
0.003981071705534969 25.1208814627
0.004466835921509635 27.6060818397
0.005011872336272725 30.2662092052
0.00562341325190349 33.1002604883
0.006309573444801929 36.0991255545
0.0070794578438413735 39.2815701464
0.007943282347242822 42.5516372878
0.008912509381337459 45.9733299778
0.01 49.5044462621
0.01122018454301963 53.1047099877
0.012589254117941661 56.7438150585
0.014125375446227554 60.4116622202
0.01584893192461114 63.97186018
0.01778279410038923 67.4750217094
0.01995262314968879 70.8747024507
0.022387211385683375 74.1433606076
0.025118864315095822 77.2522231792
0.02818382931264455 80.1443514118
0.03162277660168379 82.6958815417
0.03548133892335753 84.9510375052
0.03981071705534969 86.8597100701
0.04466835921509635 88.3989644583
0.05011872336272725 89.5622779255
0.05623413251903491 90.3463383135
0.0630957344480193 90.6192949917
0.07079457843841373 90.4759527304
0.07943282347242822 89.9225035251
0.08912509381337459 88.963390142
0.1 87.6080152754
0.1122018454301963 85.8770776562
0.12589254117941662 83.7052651095
0.14125375446227556 81.2478381625
0.1584893192461114 78.5215824767
0.1778279410038923 75.5505479436
0.19952623149688786 72.368844731
0.22387211385683378 69.0221832912
0.25118864315095824 65.5009677774
0.2818382931264455 61.9085093776
0.31622776601683794 58.2771649784
0.35481338923357536 54.6468257318
0.3981071705534969 51.0521924498
0.4466835921509635 47.5141672733
0.5011872336272725 44.0266413959
0.5623413251903491 40.6572354249
0.6309573444801929 37.424591752
0.7079457843841374 34.3423539757
0.7943282347242822 31.4201725379
0.8912509381337459 28.6645122619
1.0 26.0569762145
1.1220184543019631 23.6276143966
1.2589254117941675 21.3716926821
1.4125375446227542 19.2838215092
1.5848931924611143 17.3579966358
1.7782794100389228 15.5876575934
1.9952623149688788 13.9594810412
2.23872113856834 12.4729386649
2.5118864315095797 11.1201776248
2.818382931264455 9.90100182556
3.1622776601683795 8.80070481895
3.5481338923357533 7.78135436237
3.9810717055349736 6.87779848196
4.46683592150963 6.06658436566
5.0118723362727255 5.34025069555
5.623413251903491 4.69165453073
6.30957344480193 4.11377887197
7.07945784384138 3.59969715138
7.943282347242813 3.1425082849
8.91250938133746 2.73787914408
10.0 2.38082992749
11.22018454301963 2.0664599615
12.589254117941675 1.79017687884
14.12537544622754 1.54780652989
15.84893192461114 1.33508700971
17.78279410038923 1.15118452185
19.95262314968879 0.988701630123
22.3872113856834 0.846809907971
25.118864315095795 0.72473410656
28.183829312644548 0.619091688978
31.622776601683793 0.527516058886
35.481338923357534 0.448657973738
39.810717055349734 0.38082067
44.6683592150963 0.322582281522
50.118723362727245 0.272706352386
56.23413251903491 0.230092464727
63.0957344480193 0.193637909314
70.79457843841381 0.162595411567
79.43282347242814 0.13620893513
89.12509381337459 0.113838811418
100.0 0.0949278663642
112.20184543019636 0.0789832345005
125.89254117941675 0.0655315445982
141.2537544622754 0.0542427660839
158.48931924611134 0.0447970229053
177.8279410038923 0.0369069057405
199.526231496888 0.0303291219244
223.87211385683398 0.0248638217249
251.18864315095794 0.0203092162553
281.83829312644536 0.0165372709572
316.2277660168379 0.0134225423868
354.8133892335755 0.0108579878452
398.1071705534973 0.0087519692703
446.683592150963 0.00702625515568
501.1872336272722 0.00561304734918
562.3413251903492 0.00446406240822
630.9573444801933 0.00353265453482
707.945784384138 0.00278214462256
794.3282347242814 0.00217874729504
891.2509381337455 0.00169076596553
1000.0 0.0013028682454
1122.0184543019636 0.000996255155396
1258.9254117941673 0.000754439047598
1412.5375446227545 0.000565364441064
1584.8931924611134 0.000419100222488
1778.2794100389228 0.000307062184753
1995.2623149688798 0.000221049466247
2238.7211385683395 0.000156547259096
2511.8864315095802 0.000108930199303
2818.382931264454 7.43273064888e-05
3162.2776601683795 4.96380276925e-05
3548.133892335755 3.24094103273e-05
3981.071705534972 2.04704906035e-05
4466.835921509632 1.25929608505e-05
5011.872336272722 7.55268779868e-06
5623.413251903491 4.4420202814e-06
6309.573444801932 2.58171452789e-06
7079.457843841379 1.51456463196e-06
7943.2823472428145 9.06666171309e-07
8912.509381337455 5.59697185799e-07
10000.0 3.97075444804e-07
