E(GeV) dN/dE (GeV^-1)
1.2589254117941662e-07 0.0
1.4125375446227555e-07 0.0
1.584893192461111e-07 0.0
1.7782794100389227e-07 0.0
1.9952623149688827e-07 0.0
2.2387211385683377e-07 0.0
2.511886431509582e-07 0.0
2.818382931264449e-07 0.0
3.1622776601683797e-07 0.0
3.5481338923357606e-07 0.0
3.9810717055349687e-07 0.0
4.466835921509635e-07 0.0
5.011872336272714e-07 0.0
5.623413251903491e-07 0.0
6.309573444801942e-07 0.0
7.079457843841374e-07 0.0
7.943282347242822e-07 0.0
8.912509381337441e-07 0.0
1e-06 0.0
1.122018454301963e-06 0.0
1.2589254117941661e-06 0.0
1.4125375446227554e-06 0.0
1.5848931924611143e-06 0.0
1.778279410038923e-06 0.0
1.9952623149688787e-06 0.0
2.238721138568338e-06 0.0
2.5118864315095823e-06 0.0
2.818382931264455e-06 0.0
3.162277660168379e-06 0.0
3.5481338923357534e-06 0.0
3.981071705534969e-06 0.0
4.466835921509635e-06 0.0
5.011872336272725e-06 0.0
5.62341325190349e-06 0.0
6.30957344480193e-06 0.0
7.079457843841373e-06 0.0
7.943282347242822e-06 0.0
8.91250938133746e-06 0.0
9.999999999999999e-06 0.0
1.122018454301963e-05 0.0
1.2589254117941661e-05 0.0
1.4125375446227555e-05 0.0
1.584893192461114e-05 0.0
1.7782794100389226e-05 0.0
1.9952623149688786e-05 0.0
2.2387211385683376e-05 0.0
2.5118864315095822e-05 0.0
2.818382931264455e-05 0.0
3.162277660168379e-05 0.0
3.5481338923357534e-05 0.0
3.9810717055349695e-05 0.0109089841637
4.466835921509635e-05 0.00972264237
5.011872336272725e-05 0.0086653141334
5.623413251903491e-05 0.0154459387012
6.309573444801929e-05 0.0206493110368
7.079457843841373e-05 0.0122691452222
7.943282347242822e-05 0.0109348871894
8.912509381337459e-05 0.00974572846594
9.999999999999999e-05 0.00868588963807
0.0001122018454301963 0.00774130728845
0.0001258925411794166 0.0103491710748
0.00014125375446227554 0.0184474168587
0.00015848931924611142 0.0301423422326
0.0001778279410038923 0.041517694861
0.00019952623149688788 0.0457091984926
0.00022387211385683375 0.0523778991915
0.0002511886431509582 0.069158298951
0.0002818382931264455 0.0909151632592
0.00031622776601683794 0.112615498521
0.00035481338923357527 0.143208954128
0.0003981071705534969 0.184361832367
0.0004466835921509635 0.230426624169
0.0005011872336272725 0.277290052269
0.0005623413251903491 0.339038354492
0.000630957344480193 0.415051151839
0.0007079457843841374 0.501808039589
0.0007943282347242822 0.60907321645
0.0008912509381337459 0.743599081951
0.001 0.902898227877
0.001122018454301963 1.08378302038
0.0012589254117941662 1.30572041727
0.0014125375446227555 1.57294974415
0.001584893192461114 1.88636258118
0.001778279410038923 2.24635151371
0.0019952623149688785 2.65265715252
0.0022387211385683377 3.09689178775
0.002511886431509582 3.61196505846
0.002818382931264455 4.22616825008
0.0031622776601683794 4.93970030584
0.0035481338923357532 5.75516394371
0.003981071705534969 6.67815283551
0.004466835921509635 7.71336109782
0.0050118723362727255 8.88991907574
0.005623413251903491 10.168833744
0.006309573444801929 11.5761414293
0.0070794578438413735 13.1351628377
0.007943282347242822 14.8468977558
0.008912509381337459 16.6585685814
0.01 18.5980097458
0.01122018454301963 20.6090243829
0.012589254117941675 22.6921789517
0.01412537544622754 24.8325905103
0.01584893192461114 27.0094019852
0.017782794100389226 29.2128758355
0.01995262314968879 31.3665661896
0.0223872113856834 33.4606315382
0.025118864315095794 35.4845180566
0.02818382931264455 37.3895389017
0.03162277660168379 39.1240387466
0.03548133892335753 40.6822978453
0.039810717055349734 41.9757638089
0.04466835921509631 43.0300719728
0.050118723362727255 43.8289595845
0.05623413251903491 44.3518931501
0.0630957344480193 44.5837484988
0.0707945784384138 44.5251083549
0.07943282347242814 44.1150090441
0.08912509381337459 43.4249584242
0.1 42.4676031724
0.1122018454301963 41.2654410491
0.12589254117941676 39.8462473828
0.1412537544622754 38.2387557066
0.1584893192461114 36.398127783
0.17782794100389226 34.4253418321
0.1995262314968879 32.3585298022
0.22387211385683398 30.228294383
0.25118864315095796 28.0621295561
0.2818382931264455 25.8875765248
0.31622776601683794 23.6946098947
0.3548133892335753 21.5562683304
0.3981071705534973 19.4930990765
0.44668359215096304 17.5239943535
0.5011872336272725 15.6647718835
0.5623413251903491 13.9273364845
0.630957344480193 12.3029854765
0.707945784384138 10.8145576932
0.7943282347242814 9.46397209121
0.8912509381337459 8.24667900894
1.0 7.15554532605
1.1220184543019636 6.18304715827
1.2589254117941675 5.31845660894
1.412537544622754 4.55891135811
1.5848931924611134 3.894976748
1.778279410038923 3.31621879459
1.99526231496888 2.81308185582
2.23872113856834 2.37759637974
2.5118864315095792 2.00036454982
2.8183829312644537 1.67713297336
3.162277660168379 1.40084409981
3.548133892335755 1.16553030853
3.9810717055349736 0.965850039982
4.46683592150963 0.796901797894
5.011872336272722 0.653787379682
5.623413251903491 0.53354566245
6.309573444801933 0.433097823712
7.07945784384138 0.349531384035
7.943282347242814 0.280341967481
8.912509381337456 0.223458589779
10.0 0.176440428298
11.220184543019636 0.13804442371
12.589254117941673 0.107026573621
14.125375446227546 0.0821822274975
15.848931924611135 0.0624257772405
17.78279410038923 0.0468225084221
19.952623149688797 0.0345023695702
22.387211385683393 0.0250130269605
25.118864315095802 0.0178101984123
28.183829312644537 0.0124191962134
31.622776601683793 0.00845469095302
35.48133892335755 0.00560669175451
39.81071705534972 0.00357672863776
44.66835921509632 0.00220696203685
50.11872336272722 0.0013067813632
56.23413251903491 0.000743011435285
63.09573444801933 0.0003979535223
70.7945784384138 0.000202262993561
79.43282347242815 9.85123986893e-05
89.12509381337456 4.93085131734e-05
100.0 3.15167505517e-05
