E(GeV) dN/dE (GeV^-1)
1.3848179529735828e-06 1.25444497877
1.553791299085031e-06 1.3975315802
1.743382511707222e-06 1.49466159831
1.9561073510428153e-06 1.5541383103
2.194788546465771e-06 1.78087786335
2.4625932524251716e-06 1.93992219228
2.7630750746605403e-06 2.0433133781
3.100221224390894e-06 2.24135995708
3.4785054261852175e-06 2.247315935
3.902947281569336e-06 2.33674284125
4.379178876088466e-06 2.38014199936
4.913519513660599e-06 2.47485442146
5.513059569899986e-06 2.44204307396
6.18575457709384e-06 2.52751724202
6.940530789282137e-06 2.50294679233
7.787403628225512e-06 2.50959788636
8.737610581967103e-06 2.48520163395
9.803760319471186e-06 2.43643211648
1.1e-05 2.40836030874
1.2342202997321594e-05 2.35757994694
1.3848179529735826e-05 2.32072321072
1.553791299085031e-05 2.23605052833
1.7433825117072256e-05 2.14234829092
1.956107351042815e-05 2.04258177926
2.1947885464657666e-05 1.93917811787
2.4625932524251715e-05 1.83410825452
2.7630750746605404e-05 1.74467526899
3.1002212243909004e-05 1.63899446862
3.478505426185217e-05 1.53566588892
3.9029472815693284e-05 1.42430039847
4.379178876088466e-05 1.32891261631
4.913519513660598e-05 1.23742721073
5.513059569899998e-05 1.15012351225
6.18575457709384e-05 1.0601530654
6.940530789282123e-05 0.988663982972
7.787403628225511e-05 0.920185891666
8.737610581967104e-05 0.864850168616
9.803760319471204e-05 0.815097289879
0.00010999999999999999 0.769885672465
0.00012342202997321592 0.717830312202
0.00013848179529735827 0.683672513428
0.0001553791299085031 0.673610221658
0.00017433825117072255 0.680071027232
0.0001956107351042815 0.681600658948
0.00021947885464657666 0.704436132613
0.00024625932524251714 0.738933998695
0.00027630750746605404 0.781174422242
0.00031002212243909003 0.848915083746
0.0003478505426185217 0.951363745818
0.0003902947281569328 1.06043615605
0.0004379178876088466 1.20990551634
0.0004913519513660598 1.3823829697
0.0005513059569899997 1.57314839313
0.000618575457709384 1.78962262498
0.0006940530789282123 2.04615900273
0.0007787403628225511 2.3422913606
0.0008737610581967104 2.67308287748
0.0009803760319471205 3.07389135569
0.0010999999999999998 3.55924068578
0.0012342202997321593 4.11063417017
0.0013848179529735826 4.70291422539
0.001553791299085031 5.36959583746
0.0017433825117072256 6.1443047204
0.0019561073510428154 7.00450136454
0.0021947885464657668 7.96151342575
0.0024625932524251714 9.01675834971
0.0027630750746605406 10.1890607489
0.0031002212243909006 11.5682190785
0.003478505426185217 12.9969771574
0.003902947281569328 14.5742651009
0.004379178876088466 16.3184518928
0.004913519513660598 18.2247395719
0.005513059569899998 20.2782530327
0.0061857545770938405 22.4826169118
0.006940530789282123 24.8493809016
0.007787403628225511 27.3658264986
0.008737610581967105 29.989077229
0.009803760319471205 32.709056865
0.011000000000000001 35.5314871864
0.012342202997321593 38.4443524395
0.013848179529735827 41.4191075033
0.01553791299085031 44.3950223501
0.017433825117072255 47.3085556003
0.019561073510428153 50.1593699255
0.021947885464657663 52.9525630262
0.024625932524251718 55.6151178964
0.027630750746605405 58.0240643046
0.031002212243909005 60.2355262262
0.034785054261852175 62.1916094159
0.039029472815693286 63.8803513475
0.043791788760884666 65.296994121
0.04913519513660598 66.397197527
0.055130595698999973 67.0644503674
0.061857545770938396 67.3847330133
0.06940530789282122 67.3366962084
0.0778740362822551 66.9171170721
0.08737610581967105 66.1439745047
0.09803760319471205 65.0580445023
0.11 63.5860144914
0.12342202997321593 61.8052532186
0.1384817952973584 59.75895824
0.15537912990850294 57.4855888593
0.17433825117072257 55.0205286648
0.1956107351042815 52.3976821038
0.21947885464657665 49.5805064095
0.2462593252425174 46.6834462976
0.27630750746605376 43.7416621574
0.31002212243909005 40.7906597499
0.3478505426185217 37.8627077079
0.39029472815693284 34.984414145
0.4379178876088471 32.1382878381
0.49135195136605936 29.4023603467
0.5513059569899997 26.789094358
0.618575457709384 24.312817422
0.6940530789282123 21.9836720189
0.7787403628225518 19.8043891056
0.8737610581967095 17.7612991794
0.9803760319471205 15.8801852226
1.1 14.1545861606
1.2342202997321594 12.5790046873
1.3848179529735842 11.1463846577
1.5537912990850293 9.84706872599
1.7433825117072255 8.66877271511
1.956107351042815 7.61098408038
2.194788546465767 6.66574609876
2.4625932524251737 5.82306938255
2.7630750746605375 5.07355120444
3.1002212243909004 4.40955548126
3.4785054261852175 3.81974254403
3.9029472815693285 3.30094703106
4.379178876088471 2.84556418896
4.913519513660593 2.44713958744
5.513059569899997 2.09953282589
6.1857545770938405 1.79660980597
6.940530789282123 1.53266926878
7.787403628225518 1.30422123512
8.737610581967095 1.10713277413
9.803760319471206 0.937460049425
11.0 0.791725710259
12.3422029973216 0.666989945152
13.848179529735843 0.560235848823
15.537912990850295 0.469353350689
17.43382511707225 0.392192178488
19.56107351042815 0.326848940872
21.947885464657677 0.271652655621
24.625932524251738 0.225145517892
27.630750746605372 0.185939222609
31.00221224390899 0.153076592037
34.78505426185217 0.125611064863
39.0294728156933 0.10273311864
43.79178876088471 0.0837297261518
49.13519513660593 0.0679687389234
55.13059569899994 0.0548968683432
61.8575457709384 0.0441290468694
69.40530789282127 0.0352938587403
77.87403628225518 0.0280677108354
87.37610581967095 0.0221839833918
98.037603194712 0.0174270192709
110.0 0.0135713037982
123.422029973216 0.0104742491507
138.4817952973584 0.00801166966251
155.379129908503 0.00606813802251
174.3382511707225 0.00454614278861
195.61073510428153 0.00336626580032
219.47885464657676 0.00244589129633
246.25932524251735 0.00174989094145
276.30750746605383 0.00122921174666
310.0221224390899 0.000845452182612
347.85054261852173 0.000568052800382
390.294728156933 0.000372256487427
437.9178876088469 0.000235727280165
491.35195136605944 0.000144672034589
551.3059569899995 8.58708997946e-05
618.575457709384 4.94340247252e-05
694.0530789282126 2.72977634539e-05
778.7403628225517 1.47854353696e-05
873.7610581967097 8.08137867329e-06
980.3760319471202 4.56986067521e-06
1100.0 3.10560035877e-06
