E(GeV) dN/dE (GeV^-1)
1.3848179529735828e-07 0.0
1.553791299085031e-07 0.0
1.743382511707222e-07 0.0
1.9561073510428152e-07 0.0
2.194788546465771e-07 0.0
2.4625932524251715e-07 0.0
2.76307507466054e-07 0.0
3.1002212243908943e-07 0.0
3.4785054261852176e-07 0.0
3.9029472815693364e-07 0.0
4.379178876088466e-07 0.0
4.913519513660598e-07 0.0
5.513059569899986e-07 0.0
6.18575457709384e-07 0.0
6.940530789282137e-07 0.0
7.787403628225511e-07 0.0
8.737610581967105e-07 0.0
9.803760319471185e-07 0.0
1.1e-06 0.0
1.2342202997321594e-06 0.0
1.3848179529735828e-06 0.0
1.553791299085031e-06 0.0
1.7433825117072258e-06 0.0
1.9561073510428153e-06 0.0
2.1947885464657664e-06 0.0
2.4625932524251716e-06 0.0
2.7630750746605403e-06 0.0
3.1002212243909005e-06 0.0
3.478505426185217e-06 0.0
3.902947281569328e-06 0.0
4.379178876088466e-06 0.0
4.913519513660598e-06 0.0
5.513059569899997e-06 0.0
6.185754577093839e-06 0.0
6.940530789282123e-06 0.0
7.78740362822551e-06 0.0
8.737610581967103e-06 0.0
9.803760319471205e-06 0.0
1.1e-05 0.0
1.2342202997321594e-05 0.0
1.3848179529735828e-05 0.0
1.553791299085031e-05 0.0
1.7433825117072256e-05 0.0
1.956107351042815e-05 0.0
2.1947885464657666e-05 0.019787531815
2.4625932524251715e-05 0.0176356562934
2.7630750746605404e-05 0.0314355904323
3.1002212243909004e-05 0.0280169994636
3.478505426185217e-05 0.0249701770556
3.9029472815693284e-05 0.0111273468631
4.379178876088466e-05 0.00991725833066
4.913519513660598e-05 0.0176775315818
5.513059569899998e-05 0.0236326749093
6.18575457709384e-05 0.0210626436835
6.940530789282123e-05 0.0187721009425
7.787403628225511e-05 0.0223075367677
8.737610581967104e-05 0.0198816130716
9.803760319471206e-05 0.0132896297263
0.00010999999999999999 0.011844394961
0.00012342202997321592 0.0140751041608
0.00013848179529735827 0.0188166746815
0.0001553791299085031 0.0223605052833
0.00017433825117072255 0.0298932319663
0.00019561073510428152 0.0399635565507
0.00021947885464657666 0.0534263359004
0.00024625932524251714 0.0687790595444
0.00027630750746605404 0.0927349917752
0.0003100221224390901 0.117671397747
0.0003478505426185217 0.148572553481
0.0003902947281569328 0.181375753868
0.0004379178876088466 0.220163134941
0.0004913519513660598 0.274001739518
0.0005513059569899997 0.349763588657
0.0006185754577093841 0.425465402407
0.0006940530789282123 0.515607039221
0.0007787403628225511 0.632418667363
0.0008737610581967104 0.765442103258
0.0009803760319471205 0.914326525168
0.0011 1.09284284173
0.0012342202997321593 1.32868983278
0.0013848179529735826 1.58530484192
0.001553791299085031 1.89645035434
0.0017433825117072256 2.25046214653
0.0019561073510428154 2.65646641183
0.0021947885464657663 3.13652166799
0.002462593252425172 3.6922010016
0.0027630750746605406 4.29347294124
0.0031002212243909 5.01644375395
0.0034785054261852176 5.84377053632
0.0039029472815693285 6.76854254987
0.004379178876088467 7.80349389006
0.004913519513660598 8.99017384891
0.005513059569899998 10.2833646089
0.00618575457709384 11.7042302597
0.006940530789282123 13.2584220273
0.007787403628225511 14.9448784887
0.008737610581967105 16.767158384
0.009803760319471205 18.7551671463
0.011000000000000001 20.7818200667
0.012342202997321593 22.8921364725
0.013848179529735842 25.064626065
0.015537912990850295 27.276294666
0.017433825117072255 29.5029010899
0.01956107351042815 31.719296854
0.021947885464657667 33.8546860576
0.02462593252425174 35.8944332307
0.027630750746605374 37.8193886771
0.031002212243909005 39.6019586992
0.034785054261852175 41.210842638
0.039029472815693286 42.6181279427
0.04379178876088471 43.7125375582
0.049135195136605934 44.5484313993
0.05513059569899998 45.1129566859
0.0618575457709384 45.3915557736
0.06940530789282123 45.3748211016
0.07787403628225519 45.0656913549
0.08737610581967094 44.39417572
0.09803760319471205 43.4601591094
0.11 42.2850940749
0.12342202997321594 40.8831246248
0.13848179529735843 39.2730249864
0.15537912990850294 37.487859473
0.17433825117072255 35.508745342
0.1956107351042815 33.4222949721
0.21947885464657668 31.2616289509
0.2462593252425174 29.0638225793
0.27630750746605376 26.8572245938
0.31002212243909005 24.6538920802
0.3478505426185217 22.4644946986
0.39029472815693284 20.3514300348
0.4379178876088471 18.3316454166
0.49135195136605936 16.4191838963
0.5513059569899997 14.6256630192
0.618575457709384 12.9604273916
0.6940530789282123 11.4124261825
0.7787403628225519 10.0057377731
0.8737610581967095 8.7365061553
0.9803760319471205 7.596443607
1.1 6.57802123468
1.2342202997321599 5.67654827162
1.3848179529735842 4.87622426671
1.5537912990850293 4.17414396968
1.7433825117072248 3.5609418274
1.9561073510428153 3.02758287328
2.1947885464657677 2.56547744272
2.4625932524251737 2.16656929813
2.7630750746605375 1.82139587075
3.100221224390899 1.52566486528
3.478505426185217 1.2734109861
3.9029472815693307 1.05887287509
4.379178876088471 0.876837866345
4.913519513660593 0.722764440131
5.513059569899994 0.592451072202
6.1857545770938405 0.483143977749
6.940530789282127 0.391915225738
7.787403628225518 0.316103874802
8.737610581967095 0.253375800052
9.8037603194712 0.201723245316
11.0 0.159066868414
12.3422029973216 0.124437784759
13.848179529735841 0.0964628360043
15.5379129908503 0.0740332292385
17.43382511707225 0.0562003223597
19.56107351042815 0.0421378182488
21.947885464657677 0.0310336370093
24.625932524251734 0.0224739104193
27.630750746605383 0.0159820270715
31.002212243908993 0.0111341236888
34.785054261852174 0.00757903553553
39.0294728156933 0.0050306512621
43.79178876088469 0.00321310244381
49.135195136605944 0.00198067018732
55.13059569899995 0.0011716134913
61.8575457709384 0.000665404018368
69.40530789282126 0.000355693768659
77.87403628225518 0.000180936430723
87.37610581967097 8.83737701034e-05
98.037603194712 4.41392901976e-05
110.0 2.79843571612e-05
