E(GeV) dN/dE (GeV^-1)
1.5107104941529995e-07 0.0
1.6950450535473066e-07 0.0
1.901871830953333e-07 0.0
2.1339352920467074e-07 0.0
2.3943147779626595e-07 0.0
2.6864653662820055e-07 0.0
3.0142637178114986e-07 0.0
3.3820595175173394e-07 0.0
3.7947331922020556e-07 0.0
4.257760670802912e-07 0.0
4.777286046641963e-07 0.0
5.360203105811562e-07 0.0
6.014246803527257e-07 0.0
6.748095902284189e-07 0.0
7.571488133762331e-07 0.0
8.495349412609648e-07 0.0
9.531938816691386e-07 0.0
1.069501125760493e-06 0.0
1.2e-06 0.0
1.3464221451623556e-06 0.0
1.5107104941529993e-06 0.0
1.6950450535473065e-06 0.0
1.9018718309533371e-06 0.0
2.1339352920467072e-06 0.0
2.3943147779626544e-06 0.0
2.686465366282005e-06 0.0
3.0142637178114983e-06 0.0
3.382059517517346e-06 0.0
3.794733192202055e-06 0.0
4.257760670802903e-06 0.0
4.7772860466419624e-06 0.0
5.360203105811561e-06 0.0
6.01424680352727e-06 0.0
6.7480959022841884e-06 0.0
7.5714881337623156e-06 0.0
8.495349412609648e-06 0.0
9.531938816691387e-06 0.0
1.069501125760495e-05 0.0
1.2e-05 0.0
1.3464221451623556e-05 0.0
1.5107104941529993e-05 0.0
1.6950450535473067e-05 0.0
1.9018718309533368e-05 0.0
2.133935292046707e-05 0.0
2.3943147779626546e-05 0.0
2.6864653662820054e-05 0.0
3.014263717811499e-05 0.0
3.382059517517346e-05 0.0
3.794733192202055e-05 0.0
4.257760670802904e-05 0.0
4.777286046641963e-05 0.00909082013644
5.360203105811562e-05 0.01620440395
6.0142468035272696e-05 0.0216632853335
6.748095902284188e-05 0.0193074233766
7.571488133762316e-05 0.0114718394649
8.495349412609648e-05 0.0102242876852
9.531938816691387e-05 0.00911240599117
0.00010695011257604951 0.0162428807766
0.00011999999999999999 0.0253338447777
0.00013464221451623556 0.0290299023317
0.00015107104941529994 0.0316224671731
0.00016950450535473065 0.0307456947645
0.00019018718309533368 0.0365361724032
0.00021339352920467073 0.0549498902572
0.00023943147779626543 0.0779958545707
0.0002686465366282005 0.103462516922
0.00030142637178114985 0.129671810533
0.0003382059517517346 0.156661722
0.0003794733192202055 0.181970165293
0.0004257760670802904 0.221341474685
0.0004777286046641963 0.272724604093
0.0005360203105811562 0.342723143543
0.000601424680352727 0.440486801781
0.0006748095902284189 0.541251435323
0.0007571488133762315 0.651026889631
0.0008495349412609648 0.784714079838
0.0009531938816691386 0.947690223081
0.0010695011257604952 1.12969235801
0.0012000000000000001 1.3245981698
0.0013464221451623556 1.58019435026
0.0015107104941529993 1.90597233961
0.0016950450535473066 2.27338791371
0.001901871830953337 2.68381021409
0.0021339352920467076 3.15534480943
0.002394314777962654 3.71314683469
0.0026864653662820055 4.35981346696
0.0030142637178114987 5.04509790848
0.003382059517517346 5.85272784044
0.0037947331922020553 6.76196556361
0.004257760670802904 7.78346785725
0.004777286046641963 8.94145796159
0.005360203105811562 10.2253840026
0.00601424680352727 11.6305124189
0.006748095902284189 13.1834304719
0.007571488133762315 14.8845969873
0.008495349412609647 16.7247364311
0.009531938816691387 18.6814346466
0.01069501125760495 20.7154392128
0.012 22.8339733574
0.013464221451623556 25.0299043449
0.01510710494153001 27.2683409203
0.01695045053547305 29.5265767242
0.01901871830953337 31.7809438947
0.021339352920467073 33.9842277212
0.023943147779626545 36.0647752735
0.02686465366282008 38.0280037469
0.030142637178114953 39.8475422417
0.03382059517517346 41.502271224
0.03794733192202055 42.9672074368
0.04257760670802904 44.2023412975
0.04777286046641968 45.1205403097
0.05360203105811556 45.7551195923
0.060142468035272706 46.0902570724
0.06748095902284189 46.1230982484
0.07571488133762316 45.8643682932
0.08495349412609657 45.3380649846
0.09531938816691375 44.4611556318
0.10695011257604951 43.3294600309
0.12 41.9552717627
0.13464221451623556 40.3692950603
0.15107104941530008 38.6061280611
0.16950450535473047 36.6921632218
0.1901871830953337 34.5945260262
0.21339352920467072 32.4173621282
0.23943147779626547 30.1912539125
0.2686465366282008 27.9476992213
0.3014263717811495 25.7157757764
0.33820595175173457 23.519910681
0.37947331922020555 21.3530303968
0.42577606708029037 19.2713637552
0.4777286046641968 17.2942353198
0.5360203105811556 15.4369398825
0.601424680352727 13.7088020828
0.6748095902284189 12.1127070603
0.7571488133762316 10.6414876487
0.8495349412609656 9.31067396564
0.9531938816691377 8.11408177295
1.0695011257604952 7.04333379533
1.2 6.08998267903
1.3464221451623564 5.24645587092
1.510710494153001 4.50162723855
1.6950450535473047 3.84974684298
1.9018718309533362 3.28114283693
2.1339352920467074 2.78695748886
2.3943147779626557 2.35923185021
2.686465366282008 1.9908558194
3.0142637178114953 1.67248986676
3.3820595175173445 1.3996266109
3.794733192202055 1.16695235293
4.257760670802906 0.969344078242
4.777286046641968 0.802049242787
5.360203105811556 0.660780915657
6.014246803527266 0.541390268841
6.74809590228419 0.441388936554
7.57148813376232 0.357882845923
8.495349412609656 0.288418055983
9.531938816691376 0.230947551162
10.695011257604946 0.18375680662
12.0 0.144889216479
13.464221451623564 0.113277872188
15.107104941530007 0.0877628680625
16.950450535473053 0.0673212088203
19.018718309533362 0.0510656034232
21.339352920467075 0.0382389163166
23.943147779626557 0.0281493569031
26.864653662820075 0.0203854137013
30.14263717811496 0.0144913291063
33.820595175173445 0.0100907356075
37.94733192202055 0.00686564277917
42.57760670802906 0.00454908750824
47.772860466419665 0.00290258977972
53.60203105811558 0.00178902291149
60.14246803527267 0.00105813595102
67.48095902284189 0.000601052961328
75.71488133762318 0.000321475357324
84.95349412609654 0.000163813537292
95.31938816691378 8.02484033612e-05
106.95011257604946 4.02782836057e-05
120.0 2.55546111393e-05
