E(GeV) dN/dE (GeV^-1)
1.5107104941529995e-06 1.4373848715
1.6950450535473067e-06 1.53728473822
1.901871830953333e-06 1.59845754264
2.1339352920467072e-06 1.62814489651
2.3943147779626595e-06 1.81385708304
2.686465366282005e-06 1.93992219228
3.0142637178114983e-06 2.16119684222
3.382059517517339e-06 2.1829912082
3.7947331922020555e-06 2.28893289676
4.257760670802913e-06 2.44801630988
4.7772860466419624e-06 2.45452143684
5.360203105811562e-06 2.51168261225
6.014246803527257e-06 2.59959424002
6.748095902284189e-06 2.57432311687
7.571488133762332e-06 2.58116387959
8.495349412609648e-06 2.60719335972
9.531938816691387e-06 2.55147367753
1.069501125760493e-05 2.51764652037
1.2e-05 2.46100206412
1.3464221451623556e-05 2.38690308061
1.5107104941529993e-05 2.35731118926
1.6950450535473063e-05 2.30592710734
1.901871830953337e-05 2.19217034419
2.1339352920467075e-05 2.07588474305
2.3943147779626543e-05 1.97710422051
2.6864653662820054e-05 1.84292608266
3.0142637178114986e-05 1.72895747378
3.382059517517346e-05 1.61798171902
3.794733192202055e-05 1.52214037635
4.257760670802904e-05 1.42800951409
4.777286046641963e-05 1.32725973992
5.360203105811561e-05 1.23963690218
6.0142468035272696e-05 1.15537521779
6.748095902284189e-05 1.0683440935
7.571488133762316e-05 1.00378595318
8.495349412609647e-05 0.940634467037
9.531938816691387e-05 0.879347178148
0.00010695011257604951 0.848690520576
0.00011999999999999999 0.785349188108
0.00013464221451623556 0.738649737106
0.00015107104941529994 0.710068126522
0.00016950450535473065 0.702026697122
0.00019018718309533368 0.714738872638
0.00021339352920467073 0.748946652394
0.00023943147779626543 0.789027831122
0.0002686465366282005 0.856798968256
0.00030142637178114985 0.939400227418
0.0003382059517517346 1.02857409281
0.0003794733192202055 1.12157711941
0.0004257760670802904 1.24338828406
0.0004777286046641963 1.4190770233
0.0005360203105811562 1.6212506152
0.000601424680352727 1.8384908153
0.0006748095902284188 2.08262740155
0.0007571488133762315 2.37352358528
0.0008495349412609649 2.70688016465
0.0009531938816691386 3.11872095048
0.0010695011257604952 3.56612447449
0.0012 4.08019665748
0.0013464221451623556 4.68155558269
0.0015107104941529993 5.37754428127
0.0016950450535473064 6.16374315791
0.0019018718309533368 7.01403169711
0.0021339352920467076 7.94168376895
0.0023943147779626546 8.97714147538
0.002686465366282005 10.1503195507
0.0030142637178114987 11.4759552322
0.003382059517517346 12.925619355
0.003794733192202055 14.5275137558
0.004257760670802904 16.2720664124
0.004777286046641963 18.1737312594
0.005360203105811562 20.228929715
0.00601424680352727 22.4329818614
0.006748095902284189 24.8106826196
0.007571488133762316 27.2687344856
0.008495349412609647 29.8687739505
0.009531938816691387 32.6031862717
0.010695011257604952 35.4546353015
0.012 38.3948170264
0.013464221451623556 41.3844159106
0.015107104941529993 44.3444731938
0.016950450535473068 47.2734273063
0.019018718309533368 50.1702845185
0.021339352920467076 52.9998814664
0.023943147779626542 55.7075777829
0.026864653662820055 58.242477971
0.030142637178114988 60.5469380933
0.03382059517517346 62.5962070818
0.03794733192202055 64.3729874367
0.04257760670802904 65.8577791766
0.04777286046641963 67.0262986872
0.05360203105811562 67.8471749581
0.0601424680352727 68.2366842165
0.06748095902284189 68.2578106029
0.07571488133762315 67.9237978369
0.08495349412609647 67.2353401257
0.09531938816691386 66.200399351
0.1069501125760495 64.8529866231
0.12000000000000001 63.1185793924
0.13464221451623556 61.1048898174
0.15107104941530008 58.8579552247
0.1695045053547305 56.4106301613
0.1901871830953337 53.7918047314
0.21339352920467072 51.0340308259
0.23943147779626545 48.1263734632
0.2686465366282008 45.1601179872
0.30142637178114956 42.1763082015
0.3382059517517346 39.2060970581
0.37947331922020555 36.2772929029
0.42577606708029037 33.4186805315
0.4777286046641968 30.6211076425
0.5360203105811556 27.9456313507
0.601424680352727 25.4052452664
0.6748095902284189 23.0073274435
0.7571488133762316 20.7577681014
0.8495349412609656 18.6632102548
0.9531938816691375 16.7099200483
1.0695011257604952 14.9166122025
1.2 13.2756534209
1.3464221451623557 11.7800514859
1.510710494153001 10.4228804585
1.6950450535473047 9.19694430205
1.901871830953337 8.08843790296
2.1339352920467074 7.09415457121
2.394314777962655 6.20623426359
2.686465366282008 5.41580995067
3.0142637178114953 4.71423351215
3.382059517517346 4.09367480898
3.794733192202055 3.54291757411
4.257760670802904 3.05873262877
4.777286046641968 2.63473785522
5.360203105811556 2.26412242361
6.01424680352727 1.94069234642
6.748095902284189 1.65928015806
7.571488133762316 1.41456826147
8.495349412609656 1.20290237362
9.531938816691376 1.02032174852
10.69501125760495 0.863369414969
12.0 0.728887612061
13.464221451623562 0.61393805082
15.10710494153001 0.515377507924
16.95045053547305 0.431512520857
19.018718309533362 0.360342316162
21.339352920467075 0.300150689315
23.943147779626557 0.249387482426
26.86465366282008 0.206628484404
30.142637178114953 0.170533573637
33.820595175173445 0.140254488491
37.94733192202055 0.114988801484
42.57760670802906 0.093980814946
47.77286046641968 0.0765538236414
53.60203105811556 0.0621215027642
60.142468035272664 0.0501453569063
67.48095902284189 0.0402839155817
75.7148813376232 0.032201659871
84.95349412609656 0.0256058185459
95.31938816691377 0.0202438341092
106.95011257604946 0.0159003833925
120.0 0.0123713632792
134.64221451623564 0.00954909929853
151.07104941530008 0.00730459730741
169.50450535473053 0.00553161167355
190.1871830953336 0.00414218578823
213.39352920467076 0.00306329560253
239.43147779626557 0.002226527708
268.64653662820075 0.00159158329703
301.4263717811496 0.0011166745596
338.20595175173446 0.000767736178012
379.47331922020555 0.000516261948066
425.77606708029055 0.00033861981605
477.72860466419667 0.000214309721142
536.0203105811557 0.000131305905647
601.4246803527267 7.76816527679e-05
674.8095902284189 4.46664368201e-05
757.1488133762319 2.47143573511e-05
849.5349412609655 1.3387682295e-05
953.1938816691378 7.33001937929e-06
1069.5011257604947 4.17604464765e-06
1200.0 2.85729577886e-06
