E(GeV) dN/dE (GeV^-1)
1.6366030353324162e-06 1.59218016536
1.836298808009582e-06 1.65553741039
2.060361150199444e-06 1.68628488015
2.3117632330505996e-06 1.87862872674
2.5938410094595476e-06 2.00919553814
2.910337480138839e-06 2.0891469763
3.2654523609624567e-06 2.26094438878
3.663897810643784e-06 2.37066918538
4.110960958218894e-06 2.42979030579
4.6125740600364885e-06 2.54217078333
5.1753932171954595e-06 2.60137314673
5.806886697962526e-06 2.61763448423
6.515434037154529e-06 2.66625050259
7.310437227474538e-06 2.67333554445
8.202445478242526e-06 2.64734756881
9.203295196993785e-06 2.64258512479
1.0326267051415668e-05 2.60755002209
1.1586262195738674e-05 2.58636640058
1.3000000000000001e-05 2.5055450879
1.458623990592552e-05 2.41171496294
1.636603035332416e-05 2.33519757586
1.836298808009582e-05 2.24680077125
2.0603611501994487e-05 2.15001322219
2.3117632330505996e-05 2.02891902488
2.5938410094595423e-05 1.94222235353
2.910337480138839e-05 1.85038732187
3.265452360962457e-05 1.72895747378
3.6638978106437915e-05 1.62390839198
4.110960958218893e-05 1.52126001754
4.612574060036479e-05 1.4217325492
5.1753932171954593e-05 1.33425267849
5.806886697962525e-05 1.2639435081
6.515434037154542e-05 1.17315022114
7.310437227474538e-05 1.08121570909
8.202445478242508e-05 0.990107990737
9.203295196993785e-05 0.915466989658
0.00010326267051415669 0.862173797626
0.00011586262195738697 0.802148419889
0.00013 0.765026433506
0.0001458623990592552 0.735424192403
0.0001636603035332416 0.732402876064
0.0001836298808009582 0.744991834678
0.00020603611501994484 0.758828196067
0.00023117632330505995 0.798417208865
0.0002593841009459542 0.847210785247
0.0002910337480138839 0.90280994333
0.0003265452360962457 0.990825629202
0.00036638978106437914 1.10354650579
0.0004110960958218893 1.22862875028
0.00046125740600364793 1.38501230455
0.000517539321719546 1.55914558278
0.0005806886697962525 1.77400828474
0.0006515434037154543 2.03101632034
0.0007310437227474537 2.32996044563
0.0008202445478242508 2.67223263596
0.0009203295196993786 3.07578032917
0.001032626705141567 3.54963261071
0.0011586262195738698 4.05272369899
0.0013 4.63024732245
0.001458623990592552 5.29356547236
0.001636603035332416 6.03834327712
0.001836298808009582 6.88632611121
0.0020603611501994485 7.81951377486
0.0023117632330505998 8.86712759022
0.0025938410094595425 10.0330853526
0.0029103374801388387 11.3151184732
0.003265452360962457 12.7228660626
0.003663897810643792 14.3074626676
0.0041109609582188926 16.0514060462
0.004612574060036479 17.931154543
0.00517539321719546 19.9704059864
0.005806886697962525 22.1626137033
0.006515434037154542 24.4929769919
0.007310437227474539 26.9807280935
0.008202445478242509 29.5834207711
0.009203295196993786 32.3223552526
0.010326267051415669 35.1691206366
0.011586262195738698 38.1030620011
0.013000000000000001 41.1035339816
0.01458623990592552 44.1370635051
0.01636603035332416 47.1143890274
0.018362988080095823 50.0468249646
0.020603611501994485 52.9013915104
0.023117632330505997 55.637261722
0.025938410094595424 58.2188517521
0.029103374801388394 60.6329396312
0.03265452360962457 62.7700537792
0.03663897810643792 64.6468092572
0.041109609582188934 66.2233431833
0.04612574060036479 67.4892957389
0.051753932171954606 68.4333079964
0.05806886697962525 69.0087577394
0.06515434037154542 69.133735866
0.07310437227474538 68.8944174417
0.08202445478242508 68.2977180321
0.09203295196993785 67.3522937863
0.10326267051415669 66.073748824
0.11586262195738696 64.489258232
0.13 62.5391002652
0.1458623990592552 60.3420760362
0.16366030353324176 57.9277257322
0.18362988080095802 55.331894007
0.20603611501994484 52.5914671044
0.23117632330505994 49.7401296738
0.25938410094595427 46.7542530881
0.2910337480138842 43.7421176844
0.32654523609624536 40.7303997965
0.36638978106437914 37.755945975
0.41109609582188933 34.8484930972
0.4612574060036479 32.0198979783
0.5175393217195465 29.2668643904
0.580688669796252 26.6460180231
0.6515434037154543 24.1688395852
0.7310437227474538 21.8409494128
0.8202445478242508 19.6673521113
0.9203295196993794 17.6551343413
1.0326267051415656 15.7862672307
1.1586262195738697 14.0725249144
1.3 12.5079012327
1.458623990592552 11.0862963935
1.6366030353324177 9.79974419699
1.8362988080095801 8.63784212044
2.0603611501994483 7.58825202911
2.3117632330505997 6.64953130711
2.5938410094595428 5.81187988373
2.9103374801388417 5.06684696006
3.265452360962453 4.40653832078
3.663897810643791 3.82323236505
4.110960958218893 3.30696531222
4.612574060036479 2.85301932944
5.175393217195466 2.4556164471
5.806886697962519 2.10864832258
6.515434037154542 1.80637078434
7.310437227474538 1.54371196643
8.20244547824251 1.31514111846
9.203295196993794 1.11775824944
10.326267051415657 0.947608575924
11.586262195738696 0.801366475114
13.0 0.676046676727
14.586239905925526 0.568881518504
16.366030353324177 0.477182153942
18.362988080095803 0.399302781147
20.603611501994475 0.333294691368
23.117632330505998 0.277457701245
25.93841009459544 0.230338245113
29.10337480138842 0.190704677856
32.65452360962453 0.157319104008
36.6389781064379 0.129406924648
41.10960958218893 0.106098441734
46.125740600364814 0.0866900103711
51.75393217195465 0.0705809681003
58.06886697962519 0.0572446147562
65.15434037154539 0.0461708533813
73.10437227474539 0.0370807917658
82.02445478242512 0.0296287115933
92.03295196993794 0.0235424228024
103.26267051415658 0.0185960373833
115.86262195738692 0.0145964886371
130.0 0.0113545924814
145.86239905925527 0.00876007523732
163.66030353324174 0.00669753770918
183.6298808009581 0.00507029617414
206.03611501994476 0.00379628466999
231.17632330505998 0.00280620729646
259.38410094595434 0.00203823845964
291.0337480138841 0.00145628615951
326.5452360962454 0.00102159309243
366.389781064379 0.000702108053953
411.0960958218893 0.000471705756369
461.2574060036481 0.000309191050751
517.5393217195464 0.000195659344197
580.688669796252 0.000120052196403
651.5434037154539 7.13002043775e-05
731.0437227474538 4.10440176512e-05
820.2445478242512 2.27131832014e-05
920.3295196993793 1.23635232624e-05
1032.626705141566 6.8389307918e-06
1158.6262195738693 3.91965702186e-06
1300.0 2.69696873262e-06
