E(GeV) dN/dE (GeV^-1)
1.636603035332416e-07 0.0
1.8362988080095822e-07 0.0
2.0603611501994442e-07 0.0
2.3117632330505996e-07 0.0
2.593841009459548e-07 0.0
2.910337480138839e-07 0.0
3.2654523609624565e-07 0.0
3.663897810643784e-07 0.0
4.1109609582188935e-07 0.0
4.6125740600364886e-07 0.0
5.17539321719546e-07 0.0
5.806886697962526e-07 0.0
6.515434037154529e-07 0.0
7.310437227474538e-07 0.0
8.202445478242525e-07 0.0
9.203295196993785e-07 0.0
1.0326267051415668e-06 0.0
1.1586262195738673e-06 0.0
1.3e-06 0.0
1.458623990592552e-06 0.0
1.636603035332416e-06 0.0
1.836298808009582e-06 0.0
2.0603611501994484e-06 0.0
2.3117632330505996e-06 0.0
2.593841009459542e-06 0.0
2.910337480138839e-06 0.0
3.2654523609624567e-06 0.0
3.6638978106437917e-06 0.0
4.110960958218893e-06 0.0
4.612574060036479e-06 0.0
5.1753932171954595e-06 0.0
5.806886697962525e-06 0.0
6.515434037154543e-06 0.0
7.3104372274745375e-06 0.0594074565432
8.202445478242508e-06 0.0529469513763
9.203295196993785e-06 0.0471890200854
1.0326267051415668e-05 0.0420572584208
1.1586262195738696e-05 0.0374835710228
1.3e-05 0.0334072678387
1.458623990592552e-05 0.0297742588017
1.636603035332416e-05 0.0265363360893
1.8362988080095822e-05 0.0236505344342
2.0603611501994483e-05 0.0210785610019
2.3117632330505996e-05 0.0
2.5938410094595423e-05 0.0167432961511
2.910337480138839e-05 0.0149224784021
3.265452360962457e-05 0.0265993457504
3.6638978106437915e-05 0.0237066918538
4.110960958218893e-05 0.0211286113547
4.612574060036479e-05 0.028246342037
5.17539321719546e-05 0.0251745788394
5.806886697962525e-05 0.0224368670077
6.515434037154542e-05 0.0199968787694
7.310437227474537e-05 0.0237629826173
8.202445478242508e-05 0.0211787805505
9.203295196993786e-05 0.0188756080342
0.00010326267051415669 0.0210286292104
0.00011586262195738697 0.026238499716
0.00013 0.0334072678387
0.0001458623990592552 0.0416839623224
0.0001636603035332416 0.0477654049607
0.0001836298808009582 0.0543962291987
0.00020603611501994484 0.0611278269054
0.00023117632330505998 0.0807810352499
0.0002593841009459542 0.107157095367
0.0002910337480138839 0.13579455346
0.0003265452360962457 0.167575878227
0.00036638978106437914 0.200321546164
0.0004110960958218893 0.23347115547
0.0004612574060036479 0.288112688778
0.000517539321719546 0.363353087915
0.0005806886697962525 0.459955773658
0.0006515434037154543 0.571244170179
0.0007310437227474538 0.6736805572
0.0008202445478242508 0.789439045021
0.0009203295196993785 0.951802535123
0.001032626705141567 1.1397517032
0.0011586262195738698 1.35615559961
0.0013000000000000002 1.61657769072
0.0014586239905925518 1.91240064284
0.001636603035332416 2.24868912021
0.001836298808009582 2.64412974974
0.0020603611501994485 3.10402889313
0.0023117632330505998 3.63852811795
0.002593841009459542 4.26384779785
0.002910337480138839 4.99888103993
0.003265452360962457 5.81209004319
0.0036638978106437914 6.70057791901
0.004110960958218893 7.69799826098
0.00461257406003648 8.83253700051
0.00517539321719546 10.1177471508
0.005806886697962525 11.5410008619
0.006515434037154543 13.054295742
0.007310437227474538 14.7335244824
0.008202445478242507 16.5444927374
0.009203295196993784 18.4652051265
0.010326267051415669 20.4881513824
0.011586262195738696 22.6183739102
0.013000000000000001 24.822702444
0.01458623990592552 27.0762941147
0.016366030353324176 29.3605187303
0.018362988080095802 31.6474659919
0.020603611501994485 33.899701124
0.023117632330505997 36.0708738758
0.025938410094595424 38.0696845278
0.02910337480138842 39.9657696411
0.032654523609624536 41.7071357523
0.03663897810643792 43.2433173437
0.041109609582188934 44.5379400978
0.04612574060036479 45.5825815395
0.051753932171954654 46.2932141497
0.0580688669796252 46.7321946676
0.06515434037154542 46.8683645096
0.07310437227474538 46.6999045514
0.0820244547824251 46.2379690417
0.09203295196993794 45.4894886515
0.10326267051415657 44.4029767748
0.11586262195738697 43.0730611601
0.13 41.5244221269
0.1458623990592552 39.7885985105
0.16366030353324176 37.8964646137
0.18362988080095802 35.8723383369
0.20603611501994484 33.6810047301
0.23117632330505997 31.4347319092
0.25938410094595427 29.1642651939
0.2910337480138842 26.8958751496
0.3265452360962453 24.654893677
0.36638978106437914 22.4676947934
0.41109609582188933 20.3272506654
0.4612574060036479 18.2879030183
0.5175393217195465 16.3662169181
0.580688669796252 14.5704595526
0.6515434037154542 12.905828249
0.7310437227474538 11.3772396294
0.8202445478242509 9.97570281117
0.9203295196993795 8.71141965579
1.0326267051415658 7.57897998414
1.1586262195738697 6.56954083288
1.3 5.67368090616
1.4586239905925527 4.88280575278
1.6366030353324177 4.18471731016
1.8362988080095801 3.57471087571
2.0603611501994474 3.04323769085
2.3117632330505997 2.58225765671
2.5938410094595437 2.18410672544
2.9103374801388417 1.84111180774
3.265452360962453 1.54529923212
3.66389781064379 1.29263072442
4.110960958218893 1.07725978667
4.612574060036482 0.894215446314
5.175393217195466 0.739237325938
5.806886697962519 0.608636365308
6.515434037154539 0.498250363482
7.310437227474538 0.405867584581
8.202445478242513 0.328877182285
9.203295196993794 0.264973237377
10.326267051415657 0.212156746615
11.586262195738692 0.168713028404
13.0 0.132978197556
14.586239905925527 0.103927794704
16.366030353324174 0.0804784978562
18.362988080095807 0.0616766205146
20.603611501994475 0.0467295256133
23.117632330505998 0.0349858718547
25.938410094595437 0.0257404402843
29.103374801388412 0.0186222383173
32.65452360962454 0.0132251149091
36.6389781064379 0.00920611447434
41.10960958218893 0.00626704192837
46.125740600364814 0.00415472620389
51.75393217195464 0.00265065658058
58.06886697962521 0.00163298509664
65.15434037154539 0.000965322660088
73.10437227474537 0.000547831801259
82.02445478242512 0.000293214922027
92.03295196993793 0.00014921168151
103.2626705141566 7.38693686902e-05
115.86262195738692 3.77009757348e-05
130.0 2.41000030188e-05
