E(GeV) dN/dE (GeV^-1)
1.7624955765118327e-07 0.0
1.9775525624718578e-07 0.0
2.2188504694455554e-07 0.0
2.489591174054492e-07 0.0
2.793367240956436e-07 0.0
3.134209593995673e-07 0.0
3.516641004113415e-07 0.0
3.945736103770229e-07 0.0
4.4271887242357314e-07 0.0
4.967387449270065e-07 0.0
5.573500387748957e-07 0.0
6.253570290113489e-07 0.0
7.0166212707818e-07 0.0
7.872778552664887e-07 0.0
8.833402822722721e-07 0.0
9.911240981377922e-07 0.0
1.1120595286139952e-06 0.0
1.247751313387242e-06 0.0
1.4e-06 0.0
1.5708258360227483e-06 0.0
1.7624955765118325e-06 0.0
1.9775525624718575e-06 0.0
2.21885046944556e-06 0.0
2.489591174054492e-06 0.0
2.79336724095643e-06 0.0
3.1342095939956728e-06 0.0
3.5166410041134148e-06 0.0
3.945736103770237e-06 0.110066783607
4.427188724235731e-06 0.0980971241469
4.967387449270054e-06 0.174858307848
5.573500387748957e-06 0.15584263091
6.253570290113488e-06 0.138894891
7.016621270781815e-06 0.123790201906
7.872778552664887e-06 0.11032813358
8.833402822722701e-06 0.098330052556
9.911240981377923e-06 0.0876367515873
1.112059528613995e-05 0.0781063370671
1.2477513133872442e-05 0.0696123461853
1.4e-05 0.0620420688433
1.570825836022748e-05 0.0552950520604
1.7624955765118327e-05 0.049281767023
1.9775525624718575e-05 0.0439224210921
2.21885046944556e-05 0.0587188485052
2.4895911740544917e-05 0.0523332288164
2.7933672409564303e-05 0.0466420392781
3.134209593995673e-05 0.0554263483508
3.516641004113415e-05 0.049398784965
3.945736103770237e-05 0.033020035082
4.427188724235731e-05 0.0294291372441
4.967387449270055e-05 0.0262287461773
5.573500387748957e-05 0.0233763946365
6.253570290113489e-05 0.02083423365
7.016621270781815e-05 0.0185685302859
7.872778552664886e-05 0.0220656267161
8.833402822722702e-05 0.024582513139
9.911240981377923e-05 0.0306728630555
0.0001112059528613995 0.0351478516802
0.00012477513133872444 0.0382867904019
0.00014 0.0465315516325
0.00015708258360227483 0.0552950520604
0.00017624955765118325 0.0591381204275
0.00019775525624718575 0.0614913895289
0.00022188504694455597 0.0743772081065
0.0002489591174054492 0.09594425283
0.000279336724095643 0.125933506051
0.00031342095939956724 0.162122068926
0.0003516641004113415 0.196360170236
0.0003945736103770237 0.228938909902
0.0004427188724235731 0.27369097637
0.0004967387449270054 0.349716615697
0.0005573500387748957 0.437138579703
0.0006253570290113489 0.53335638144
0.0007016621270781815 0.650517511015
0.0007872778552664888 0.772296935062
0.0008833402822722702 0.920860942187
0.0009911240981377923 1.09239210854
0.0011120595286139951 1.30125157554
0.0012477513133872444 1.56036073974
0.0014000000000000002 1.86963774459
0.0015708258360227483 2.18857816055
0.0017624955765118326 2.58975685706
0.0019775525624718578 3.04250610905
0.0022188504694455598 3.56462556325
0.002489591174054492 4.17636610364
0.00279336724095643 4.88575361439
0.003134209593995673 5.66235574752
0.003516641004113415 6.52138059715
0.003945736103770237 7.5077653766
0.004427188724235732 8.62774016585
0.0049673874492700545 9.87459836081
0.005573500387748957 11.2442795841
0.006253570290113489 12.7682600924
0.007016621270781815 14.4196397739
0.007872778552664886 16.2008037912
0.008833402822722701 18.1081674886
0.009911240981377922 20.1470757327
0.01112059528613995 22.3104893857
0.012477513133872442 24.5424591587
0.014 26.7906028945
0.015708258360227483 29.0693277038
0.017624955765118345 31.3516310088
0.019775525624718557 33.6190775911
0.0221885046944556 35.8470936674
0.024895911740544917 37.9827073653
0.027933672409564302 39.9170656763
0.03134209593995676 41.7217680235
0.03516641004113411 43.3297490418
0.03945736103770237 44.7163588888
0.04427188724235731 45.8679982561
0.04967387449270055 46.7425545645
0.05573500387748963 47.2611868958
0.06253570290113483 47.506594585
0.07016621270781816 47.4487472534
0.07872778552664887 47.0826523663
0.08833402822722702 46.4192136419
0.09911240981377932 45.4751880189
0.11120595286139938 44.206597316
0.12477513133872443 42.7139024179
0.14 41.018431353
0.15708258360227484 39.154705604
0.17624955765118344 37.1544752967
0.19775525624718557 35.0346576927
0.22188504694455596 32.7793528721
0.24895911740544918 30.483352187
0.27933672409564303 28.1819503602
0.3134209593995676 25.9041482331
0.3516641004113411 23.6717335043
0.39457361037702365 21.4993448419
0.4427188724235731 19.3896176015
0.4967387449270054 17.3946990062
0.5573500387748963 15.5246696482
0.6253570290113483 13.7873819098
0.7016621270781814 12.1874789922
0.7872778552664887 10.7260586703
0.8833402822722702 9.38993888849
0.9911240981377932 8.18698764948
1.1120595286139938 7.11077476097
1.2477513133872442 6.15413793888
1.4000000000000001 5.30830669161
1.570825836022749 4.5628943363
1.7624955765118344 3.90721446637
1.9775525624718555 3.33431349806
2.2188504694455586 2.83627990234
2.489591174054492 2.40506912562
2.7933672409564316 2.03292795252
3.134209593995676 1.71264298672
3.5166410041134113 1.43649690727
3.945736103770235 1.20066670091
4.427188724235731 0.99979892441
4.967387449270057 0.829292365721
5.573500387748963 0.685151919105
6.2535702901134815 0.563876103077
7.016621270781811 0.461504046683
7.8727785526648875 0.375754123082
8.833402822722705 0.304237804121
9.911240981377933 0.244932539178
11.12059528613994 0.19602042799
12.477513133872437 0.155843108551
14.0 0.122781657514
15.70825836022749 0.0959155990822
17.624955765118344 0.0742308340645
19.77552562471856 0.0568529622495
22.188504694455588 0.0430517006495
24.89591174054492 0.032218533655
27.933672409564316 0.0236992243882
31.342095939956753 0.0171490646022
35.16641004113412 0.0121844202565
39.457361037702356 0.00847931386882
44.27188724235731 0.00576460883251
49.67387449270056 0.00381943001833
55.73500387748961 0.00243815796059
62.53570290113484 0.00150115514769
70.16621270781812 0.00088665351066
78.72778552664887 0.000503035608653
88.33402822722705 0.000269448926517
99.11240981377931 0.000137655427556
111.20595286139941 6.81829269428e-05
124.77513133872438 3.50045682793e-05
140.0 2.27508266448e-05
