E(GeV) dN/dE (GeV^-1)
1.8883881176912493e-05 3.61071079722
2.118806316934133e-05 3.46401494346
2.3773397886916663e-05 3.28825551629
2.6674191150583842e-05 3.1260382013
2.992893472453324e-05 3.00374732951
3.3580817078525065e-05 2.88401765919
3.767829647264373e-05 2.76633195804
4.227574396896674e-05 2.69149974847
4.743416490252569e-05 2.58191630755
5.3222008385036405e-05 2.47249647298
5.9716075583024535e-05 2.37815854769
6.700253882264452e-05 2.29454359932
7.517808504409072e-05 2.21832041815
8.435119877855237e-05 2.14698547947
9.464360167202914e-05 2.11081846154
0.00010619186765762061 2.06939582748
0.00011914923520864232 2.03388901723
0.00013368764072006162 2.01736579245
0.00015000000000000001 2.02960287876
0.00016830276814529444 2.1030551467
0.0001888388117691249 2.12962942562
0.0002118806316934133 2.18909346723
0.00023773397886916713 2.3200469476
0.00026674191150583845 2.49594612635
0.0002992893472453318 2.68741065423
0.0003358081707852507 2.91117656988
0.0003767829647264373 3.16399217701
0.00042275743968966825 3.48148574334
0.00047434164902525685 3.84082940077
0.000532220083850363 4.2464922922
0.0005971607558302453 4.70904483067
0.0006700253882264452 5.21976260038
0.0007517808504409087 5.83811097548
0.0008435119877855235 6.5243645074
0.0009464360167202895 7.28783017524
0.0010619186765762059 8.15284700016
0.0011914923520864233 9.14521065273
0.0013368764072006188 10.2690740846
0.0015 11.4332365306
0.0016830276814529446 12.7138070034
0.0018883881176912493 14.1353578171
0.002118806316934133 15.712689795
0.002377339788691671 17.4498586206
0.002667419115058384 19.3363372344
0.002992893472453318 21.4080119454
0.003358081707852507 23.639762507
0.0037678296472643735 26.0264579081
0.004227574396896683 28.5744817189
0.004743416490252569 31.2974035133
0.005322200838503629 34.2090695175
0.005971607558302454 37.2884351294
0.006700253882264452 40.520797335
0.007517808504409087 43.8825949906
0.008435119877855236 47.3724880509
0.009464360167202894 50.9943913524
0.01061918676576206 54.7296304472
0.011914923520864233 58.4330847206
0.01336876407200619 62.1803139879
0.015 65.9139447782
0.016830276814529446 69.597371633
0.018883881176912493 73.198054143
0.021188063169341333 76.6636110043
0.023773397886916712 79.9310064304
0.026674191150583844 82.9794466633
0.02992893472453318 85.7721355919
0.03358081707852506 88.2723053809
0.03767829647264374 90.4446124698
0.04227574396896683 92.2568861567
0.04743416490252569 93.5968100159
0.053222008385036296 94.5224711947
0.05971607558302454 95.0359282469
0.06700253882264452 95.1330545349
0.07517808504409088 94.8131810003
0.08435119877855236 94.0889561932
0.09464360167202894 92.822530592
0.1061918676576206 91.1600884474
0.11914923520864233 89.1296822868
0.1336876407200619 86.7729808192
0.15000000000000002 84.131153541
0.16830276814529446 81.2327577616
0.18883881176912493 78.0124080335
0.2118806316934133 74.608070686
0.2377339788691671 71.061788468
0.2667419115058384 67.4085494377
0.2992893472453318 63.6877334381
0.3358081707852507 59.9510088308
0.37678296472643735 56.1677089661
0.4227574396896682 52.4330583172
0.47434164902525694 48.7791349213
0.532220083850363 45.2262551273
0.5971607558302454 41.7926063284
0.6700253882264452 38.5003868782
0.7517808504409088 35.3422710813
0.8435119877855236 32.3500409483
0.9464360167202894 29.5283688608
1.0619186765762059 26.8811606113
1.1914923520864233 24.4096443185
1.3368764072006187 22.1114235306
1.5 19.9701874818
1.6830276814529446 17.9973139967
1.8883881176912511 16.1833860987
2.118806316934131 14.5207868189
2.377339788691671 13.0015646507
2.667419115058384 11.6163625148
2.9928934724533183 10.3527894062
3.35808170785251 9.20787094844
3.7678296472643695 8.17282024613
4.227574396896682 7.23998382539
4.743416490252569 6.40161885768
5.32220083850363 5.64936524842
5.97160755830246 4.97387758472
6.7002538822644455 4.37082275745
7.517808504409088 3.83384906137
8.435119877855236 3.35651739756
9.464360167202894 2.93299629383
10.61918676576207 2.55834281738
11.91492352086422 2.22657113351
13.368764072006188 1.93413649169
15.0 1.67700712202
16.830276814529444 1.45136361758
18.883881176912514 1.25376686553
21.18806316934131 1.08120836985
23.77339788691671 0.93021272139
26.67419115058384 0.798851003024
29.928934724533185 0.684757560182
33.5808170785251 0.585866473268
37.678296472643694 0.50031570886
42.27574396896682 0.42640204958
47.434164902525694 0.362558135566
53.2220083850363 0.307666689825
59.716075583024605 0.260591341
67.00253882264445 0.220314518673
75.17808504409086 0.18591093526
84.35119877855236 0.156538714132
94.64360167202895 0.131469611345
106.1918676576207 0.110182727401
119.14923520864221 0.0921523438983
133.6876407200619 0.0768985405174
150.0 0.0640144681074
168.30276814529452 0.0531682919249
188.83881176912513 0.0440351456696
211.8806316934131 0.036393262801
237.733978869167 0.0300054959989
266.74191150583846 0.0246778426689
299.28934724533195 0.0202451641314
335.808170785251 0.0165639958933
376.7829647264369 0.0135040834388
422.75743968966805 0.0109757428437
474.34164902525686 0.00889392618903
532.2200838503633 0.00718342233946
597.160755830246 0.00578123797553
670.0253882264445 0.00463597885462
751.7808504409084 0.00369635900607
843.5119877855236 0.00293308181617
946.43601672029 0.00231578489951
1061.918676576207 0.00181916701964
1191.492352086422 0.00142119562413
1336.8764072006184 0.00110265218467
1500.0 0.000847662628961
1683.0276814529454 0.000646275297669
1888.388117691251 0.000488469605634
2118.8063169341317 0.000365579838855
2377.33978869167 0.000270545789624
2667.4191150583843 0.000197742756487
2992.8934724533196 0.000142062012286
3358.081707852509 0.000100506334157
3767.82964726437 6.98736262898e-05
4227.574396896681 4.76234170951e-05
4743.416490252569 3.17710295083e-05
5322.200838503632 2.07498758458e-05
5971.607558302458 1.31183443631e-05
6700.253882264447 8.07932135663e-06
7517.808504409084 4.86863563023e-06
8435.119877855235 2.88519837647e-06
9464.360167202898 1.69627207063e-06
10619.186765762068 1.00271634186e-06
11914.923520864222 6.0889096833e-07
13368.764072006183 3.75275517462e-07
15000.0 2.6358779755e-07
