E(GeV) dN/dE (GeV^-1)
1.8883881176912494e-06 1.83985263552
2.1188063169341333e-06 2.0497129843
2.3773397886916664e-06 2.00948948218
2.6674191150583844e-06 2.27940285511
2.992893472453324e-06 2.32173706629
3.358081707852507e-06 2.45723477689
3.767829647264373e-06 2.53580429487
4.227574396896674e-06 2.56822495083
4.74341649025257e-06 2.65516216024
5.32220083850364e-06 2.69281794086
5.971607558302454e-06 2.76360932148
6.700253882264452e-06 2.7223398636
7.517808504409072e-06 2.77290052269
8.435119877855236e-06 2.78026896622
9.464360167202914e-06 2.75324147157
1.061918676576206e-05 2.69921194889
1.1914923520864233e-05 2.66082254942
1.3368764072006162e-05 2.5663751627
1.5e-05 2.48995502958
1.6830276814529445e-05 2.42560961705
1.8883881176912493e-05 2.32281395235
2.118806316934133e-05 2.23418715288
2.3773397886916714e-05 2.11909799939
2.6674191150583842e-05 2.00261822271
2.992893472453318e-05 1.90092222302
3.3580817078525065e-05 1.79766123151
3.767829647264373e-05 1.68285194114
4.2275743968966826e-05 1.58202656971
4.743416490252569e-05 1.49238424869
5.32220083850363e-05 1.39536929663
5.9716075583024535e-05 1.30907809965
6.700253882264452e-05 1.22505293862
7.517808504409087e-05 1.12649083734
8.435119877855235e-05 1.04517518545
9.464360167202894e-05 0.981989458192
0.0001061918676576206 0.940634467037
0.00011914923520864232 0.911240599117
0.0001336876407200619 0.873866985779
0.00015 0.839635998346
0.00016830276814529444 0.846382930204
0.0001888388117691249 0.855531475519
0.00021188063169341333 0.862929166389
0.0002377339788691671 0.891482606638
0.0002667419115058384 0.958977344044
0.00029928934724533183 1.0288197375
0.0003358081707852507 1.12127502714
0.00037678296472643734 1.22986508301
0.00042275743968966825 1.35294090409
0.00047434164902525685 1.50337112659
0.000532220083850363 1.74135560176
0.0005971607558302454 1.98616238341
0.0006700253882264452 2.25241214905
0.0007517808504409087 2.54760235522
0.0008435119877855235 2.8986878296
0.0009464360167202895 3.3314221806
0.001061918676576206 3.82224770823
0.0011914923520864233 4.41259147716
0.0013368764072006188 5.03496818312
0.0015 5.7283442163
0.0016830276814529446 6.51818073688
0.001888388117691249 7.41046645273
0.002118806316934133 8.39254981421
0.002377339788691671 9.52607623069
0.0026674191150583846 10.7889021567
0.002992893472453318 12.165031576
0.0033580817078525064 13.6688210949
0.0037678296472643735 15.3260553667
0.004227574396896683 17.131909544
0.004743416490252569 19.0529858753
0.005322200838503629 21.1783603006
0.005971607558302454 23.4654431159
0.006700253882264452 25.8908132728
0.007517808504409087 28.4453956307
0.008435119877855236 31.1216099974
0.009464360167202894 33.9488439652
0.01061918676576206 36.8580663393
0.011914923520864233 39.8601788294
0.01336876407200619 42.9157376147
0.015000000000000001 45.9755719729
0.016830276814529446 49.0460328916
0.018883881176912493 52.0167046802
0.021188063169341333 54.8984262236
0.023773397886916712 57.6429365197
0.026674191150583844 60.2087168657
0.02992893472453318 62.5661849732
0.03358081707852507 64.7029749823
0.03767829647264373 66.4840397416
0.04227574396896682 67.9824348375
0.047434164902525694 69.1562346012
0.0532220083850363 69.992784726
0.05971607558302454 70.4823430514
0.06700253882264452 70.5893003989
0.07517808504409088 70.2645482511
0.08435119877855236 69.5582466584
0.09464360167202894 68.4981882502
0.10619186765762059 67.1099627531
0.11914923520864233 65.4191654482
0.1336876407200619 63.4535186947
0.15 61.153252097
0.16830276814529446 58.6367823586
0.18883881176912512 55.9471956644
0.21188063169341312 53.1263653104
0.23773397886916714 50.2108944741
0.2667419115058384 47.2293948569
0.2992893472453318 44.1566326012
0.335808170785251 41.1011431273
0.3767829647264369 38.0842326882
0.4227574396896682 35.131998287
0.4743416490252569 32.2709461865
0.532220083850363 29.5247739884
0.5971607558302461 26.8825398611
0.6700253882264445 24.3818008411
0.7517808504409088 22.0384033162
0.8435119877855236 19.8545803091
0.9464360167202894 17.8284802403
1.061918676576207 15.9597605431
1.191492352086422 14.2358664656
1.336876407200619 12.6607528414
1.5 11.2277419896
1.6830276814529446 9.92932379873
1.8883881176912511 8.75790138885
2.118806316934131 7.7061570979
2.377339788691671 6.75719756762
2.667419115058384 5.9108522374
2.9928934724533183 5.15844034757
3.35808170785251 4.49089620807
3.767829647264369 3.89990874827
4.227574396896682 3.37839072189
4.743416490252569 2.91808464907
5.32220083850363 2.514556494
5.97160755830246 2.16158466689
6.7002538822644455 1.85376151462
7.5178085044090865 1.5860666907
8.435119877855236 1.35369941871
9.464360167202896 1.15190671924
10.61918676576207 0.977957411288
11.914923520864221 0.828276334274
13.368764072006188 0.699820782396
15.0 0.58984596811
16.830276814529455 0.495811610796
18.883881176912514 0.415476787053
21.18806316934131 0.347362932719
23.7733978869167 0.289669790469
26.674191150583844 0.240944930058
29.9289347245332 0.199912284931
33.5808170785251 0.16540409026
37.678296472643694 0.136354012168
42.2757439689668 0.112053996826
47.43416490252569 0.0917780147804
53.222008385036325 0.0749180956208
59.716075583024605 0.0609467345399
67.00253882264445 0.0493997995448
75.17808504409084 0.0398164945404
84.35119877855237 0.0319566792274
94.64360167202899 0.02551696395
106.1918676576207 0.020263405341
119.14923520864221 0.0159985382049
133.68764072006184 0.012548843616
150.0 0.00975566696826
168.30276814529455 0.00751990073913
188.8388117691251 0.00574474437008
211.88063169341316 0.00434489139674
237.733978869167 0.00324911066118
266.74191150583846 0.00239925222909
299.28934724533195 0.0017417395765
335.8081707852509 0.00124496058627
376.782964726437 0.000873827786267
422.75743968966805 0.000600494139682
474.3416490252569 0.000403154328972
532.2200838503632 0.00026436372932
597.1607558302458 0.000166708186928
670.0253882264448 0.000102003481985
751.7808504409084 6.04815819007e-05
843.5119877855236 3.48949498492e-05
946.4360167202899 1.94167766047e-05
1061.918676576207 1.05850005547e-05
1191.4923520864222 5.84651968393e-06
1336.8764072006184 3.33953628766e-06
1500.0 2.28670521205e-06
