E(GeV) dN/dE (GeV^-1)
1.8883881176912494e-07 0.0
2.1188063169341333e-07 0.0
2.3773397886916664e-07 0.0
2.667419115058384e-07 0.0
2.9928934724533244e-07 0.0
3.3580817078525065e-07 0.0
3.767829647264373e-07 0.0
4.227574396896674e-07 0.0
4.7434164902525693e-07 0.0
5.322200838503641e-07 0.0
5.971607558302453e-07 0.0
6.700253882264453e-07 0.0
7.517808504409072e-07 0.0
8.435119877855237e-07 0.0
9.464360167202915e-07 0.0
1.061918676576206e-06 0.0
1.1914923520864233e-06 0.0
1.3368764072006163e-06 0.0
1.5e-06 0.0
1.6830276814529445e-06 0.0
1.8883881176912492e-06 0.0
2.118806316934133e-06 0.0
2.3773397886916714e-06 0.0
2.6674191150583844e-06 0.0
2.992893472453318e-06 0.0
3.358081707852507e-06 0.129328146152
3.767829647264373e-06 0.23052766317
4.2275743968966825e-06 0.205457996066
4.743416490252569e-06 0.183114631741
5.32220083850363e-06 0.244801630988
5.971607558302454e-06 0.218179683274
6.7002538822644516e-06 0.2592704632
7.517808504409087e-06 0.231075043557
8.435119877855236e-06 0.20594584935
9.464360167202895e-06 0.183549431438
1.0619186765762059e-05 0.163588602963
1.1914923520864233e-05 0.145798495859
1.336876407200619e-05 0.162428807766
1.4999999999999999e-05 0.144764827301
1.6830276814529445e-05 0.103217430513
1.8883881176912493e-05 0.0919926317762
2.118806316934133e-05 0.0819885193719
2.377339788691671e-05 0.091340431008
2.6674191150583842e-05 0.0814072448254
2.992893472453318e-05 0.0870651399859
3.3580817078525065e-05 0.0905297023063
3.767829647264373e-05 0.0806846821095
4.2275743968966826e-05 0.0616373988198
4.743416490252569e-05 0.0549343895223
5.32220083850363e-05 0.0571203805638
5.9716075583024535e-05 0.050908592764
6.700253882264452e-05 0.04537233106
7.517808504409087e-05 0.0404381326226
8.435119877855235e-05 0.04118916987
9.464360167202894e-05 0.0412986220735
0.00010619186765762061 0.0408971507407
0.00011914923520864232 0.0473845111541
0.0001336876407200619 0.051977218485
0.00015 0.0550106343744
0.00016830276814529444 0.0593500225448
0.0001888388117691249 0.0712942896265
0.0002118806316934133 0.0778890934033
0.0002377339788691671 0.0986476654887
0.00026674191150583845 0.125367157031
0.00029928934724533183 0.16252159464
0.00033580817078525063 0.20433847092
0.00037678296472643734 0.243206684644
0.00042275743968966825 0.296886804315
0.00047434164902525685 0.368060409799
0.000532220083850363 0.453699022764
0.0005971607558302454 0.543994676964
0.0006700253882264452 0.642990748736
0.0007517808504409087 0.76774683222
0.0008435119877855236 0.927786051321
0.0009464360167202895 1.08936587558
0.0010619186765762059 1.28335259024
0.0011914923520864233 1.52213629676
0.001336876407200619 1.7987366172
0.0015 2.10603870758
0.0016830276814529446 2.48495963959
0.001888388117691249 2.93364502734
0.0021188063169341334 3.4595055749
0.002377339788691671 4.05186151952
0.0026674191150583846 4.71722420866
0.0029928934724533177 5.47276959095
0.003358081707852507 6.32505164385
0.0037678296472643735 7.29873634363
0.004227574396896683 8.40199929112
0.004743416490252569 9.6077500555
0.00532220083850363 10.9266391986
0.005971607558302454 12.3929696428
0.006700253882264452 14.0221244613
0.007517808504409087 15.7856605256
0.008435119877855236 17.6722133327
0.009464360167202894 19.6819596457
0.010619186765762059 21.8032116943
0.011914923520864233 24.0162927341
0.013368764072006187 26.3017719839
0.015000000000000001 28.5838151506
0.016830276814529446 30.8885386029
0.01888388117691251 33.2064193051
0.021188063169341312 35.4939983725
0.023773397886916712 37.6922134342
0.02667419115058384 39.756042083
0.02992893472453318 41.6170063155
0.0335808170785251 43.301339507
0.037678296472643695 44.7818773712
0.04227574396896683 46.0220980196
0.047434164902525694 46.9980915139
0.053222008385036296 47.7235883578
0.0597160755830246 48.0696314526
0.06700253882264445 48.1223934179
0.07517808504409088 47.866305634
0.08435119877855236 47.3132219841
0.09464360167202895 46.4784007949
0.1061918676576207 45.3576557423
0.11914923520864219 43.9345761156
0.1336876407200619 42.3057232328
0.15 40.4830641367
0.16830276814529446 38.4992139113
0.18883881176912512 36.3938904021
0.2118806316934131 34.2028021752
0.2377339788691671 31.8944343802
0.2667419115058384 29.5636075528
0.29928934724533185 27.2453697122
0.335808170785251 24.9642883553
0.3767829647264369 22.7421717859
0.4227574396896682 20.6027063351
0.4743416490252569 18.5364579533
0.532220083850363 16.5885378009
0.597160755830246 14.7707332853
0.6700253882264445 13.0896284242
0.7517808504409087 11.5477037886
0.8435119877855236 10.1442525622
0.9464360167202895 8.86575324347
1.061918676576207 7.7194492605
1.191492352086422 6.6972313085
1.3368764072006187 5.79033100904
1.5 4.98960872353
1.6830276814529452 4.28581659954
1.8883881176912511 3.66639669701
2.118806316934131 3.12601932207
2.3773397886916703 2.65731619136
2.6674191150583844 2.25171673959
2.9928934724533196 1.90152761596
3.35808170785251 1.60067131518
3.767829647264369 1.34206128298
4.227574396896681 1.12113302276
4.743416490252569 0.93312835845
5.322200838503632 0.773687394682
5.97160755830246 0.638923275352
6.700253882264445 0.525426501727
7.517808504409083 0.429557760984
8.435119877855236 0.34958509887
9.4643601672029 0.282987978342
10.61918676576207 0.227779093982
11.914923520864221 0.182229639864
13.368764072006183 0.144773900877
15.0 0.113960580276
16.830276814529455 0.0889924429135
18.88388117691251 0.0688456067558
21.188063169341316 0.0527026096977
23.7733978869167 0.0398899920809
26.674191150583844 0.0298378066911
29.928934724533196 0.0219384563108
33.580817078525094 0.0158743703666
37.6782964726437 0.0112799145074
42.27574396896681 0.00784714969985
47.434164902525694 0.0053282695544
53.22200838503632 0.00352348699519
59.71607558302458 0.00224756346194
67.00253882264447 0.00138303291361
75.17808504409084 0.000817179560913
84.35119877855236 0.000463805498675
94.64360167202899 0.000249149998234
106.19186765762069 0.000127905838942
119.14923520864222 6.35244046456e-05
133.68764072006184 3.26319474801e-05
150.0 2.12196283858e-05
