E(GeV) dN/dE (GeV^-1)
1.8883881176912493e-08 0.0
2.1188063169341333e-08 0.0
2.3773397886916663e-08 0.0
2.6674191150583842e-08 0.0
2.9928934724533244e-08 0.0
3.358081707852507e-08 0.0
3.767829647264373e-08 0.0
4.227574396896674e-08 0.0
4.7434164902525694e-08 0.0
5.32220083850364e-08 0.0
5.971607558302454e-08 0.0
6.700253882264453e-08 0.0
7.517808504409072e-08 0.0
8.435119877855236e-08 0.0
9.464360167202914e-08 0.0
1.061918676576206e-07 0.0
1.1914923520864233e-07 0.0
1.3368764072006161e-07 0.0
1.5e-07 0.0
1.6830276814529445e-07 0.0
1.888388117691249e-07 0.0
2.118806316934133e-07 0.0
2.3773397886916714e-07 0.0
2.667419115058384e-07 0.0
2.992893472453318e-07 0.0
3.3580817078525065e-07 0.0
3.767829647264373e-07 0.0
4.2275743968966824e-07 0.0
4.743416490252569e-07 0.0
5.322200838503629e-07 0.0
5.971607558302453e-07 0.0
6.700253882264452e-07 0.0
7.517808504409087e-07 0.0
8.435119877855236e-07 0.0
9.464360167202894e-07 0.0
1.061918676576206e-06 0.0
1.1914923520864233e-06 0.0
1.3368764072006188e-06 0.0
1.5e-06 0.0
1.6830276814529445e-06 0.0
1.8883881176912492e-06 0.0
2.1188063169341333e-06 0.0
2.377339788691671e-06 0.0
2.667419115058384e-06 0.0
2.9928934724533183e-06 0.0
3.358081707852507e-06 0.0
3.7678296472643736e-06 0.0
4.2275743968966825e-06 0.0
4.743416490252569e-06 0.0
5.32220083850363e-06 0.0
5.971607558302454e-06 0.0
6.700253882264452e-06 0.0
7.517808504409087e-06 0.0
8.435119877855235e-06 0.0
9.464360167202895e-06 0.0
1.061918676576206e-05 0.0
1.1914923520864233e-05 0.0
1.336876407200619e-05 0.0
1.4999999999999999e-05 0.0
1.6830276814529445e-05 0.0
1.8883881176912493e-05 0.0
2.118806316934133e-05 0.0
2.377339788691671e-05 0.0
2.6674191150583842e-05 0.0
2.992893472453318e-05 0.0
3.3580817078525065e-05 0.0
3.767829647264373e-05 0.0
4.2275743968966826e-05 0.0
4.743416490252569e-05 0.0
5.32220083850363e-05 0.0
5.9716075583024535e-05 0.00727265610915
6.700253882264452e-05 0.00648176158
7.517808504409087e-05 0.00577687608894
8.435119877855237e-05 0.00514864623375
9.464360167202894e-05 0.00458873578595
0.0001061918676576206 0.0
0.00011914923520864232 0.0
0.0001336876407200619 0.0
0.00015000000000000001 0.0
0.00016830276814529444 0.0
0.0001888388117691249 0.0
0.00021188063169341333 0.0040994259686
0.00023773397886916713 0.00548042586048
0.00026674191150583845 0.00814072448254
0.0002992893472453318 0.00870651399859
0.0003358081707852507 0.00775968876912
0.00037678296472643734 0.0115263831585
0.00042275743968966825 0.012327479764
0.0004743416490252569 0.015564743698
0.000532220083850363 0.0212161413523
0.0005971607558302454 0.0283633588257
0.0006700253882264452 0.040835097954
0.0007517808504409087 0.059501823716
0.0008435119877855236 0.0854675274802
0.0009464360167202894 0.117930509699
0.0010619186765762059 0.159907859396
0.0011914923520864233 0.218333247548
0.0013368764072006188 0.286199559283
0.0015 0.37812572891
0.0016830276814529446 0.496475840766
0.0018883881176912512 0.637508938209
0.0021188063169341313 0.807586915813
0.0023773397886916714 1.02301282729
0.002667419115058384 1.28737416967
0.002992893472453318 1.60504585564
0.00335808170785251 1.98272980866
0.003767829647264369 2.42930051449
0.004227574396896683 2.9610606393
0.004743416490252569 3.59252596013
0.00532220083850363 4.31120152332
0.00597160755830246 5.12140443206
0.006700253882264445 6.04774282461
0.007517808504409088 7.09302176828
0.008435119877855236 8.24756491538
0.009464360167202895 9.49882073898
0.010619186765762071 10.855289824
0.011914923520864219 12.2729893348
0.01336876407200619 13.7809473373
0.015 15.3517598289
0.016830276814529446 16.9580045287
0.01888388117691251 18.5717254827
0.02118806316934131 20.1617967987
0.023773397886916712 21.6943023049
0.02667419115058384 23.1468312687
0.029928934724533184 24.5069504947
0.0335808170785251 25.7500745318
0.03767829647264369 26.8496606669
0.04227574396896682 27.7912861108
0.047434164902525694 28.5004556937
0.053222008385036296 28.9995194489
0.0597160755830246 29.2790953197
0.06700253882264445 29.3355195374
0.07517808504409088 29.1672682899
0.08435119877855236 28.7713147755
0.09464360167202895 28.1188735041
0.1061918676576207 27.2669974184
0.1191492352086422 26.2386518219
0.1336876407200619 25.0620828372
0.15 23.7625586563
0.16830276814529455 22.3563329141
0.18883881176912512 20.8300066039
0.2118806316934131 19.2570821835
0.23773397886916703 17.6639825126
0.2667419115058384 16.0743000899
0.29928934724533196 14.5093025516
0.335808170785251 12.9882317258
0.3767829647264369 11.5035908884
0.42275743968966806 10.099657621
0.4743416490252569 8.79271964764
0.5322200838503632 7.59073063714
0.597160755830246 6.49795096243
0.6700253882264445 5.5172210101
0.7517808504409083 4.64004291033
0.8435119877855237 3.87291003617
0.94643601672029 3.20946689074
1.061918676576207 2.64075683339
1.191492352086422 2.15675523217
1.3368764072006183 1.74738312533
1.5 1.40170339118
1.6830276814529455 1.11499571333
1.888388117691251 0.878500655784
2.1188063169341316 0.684813002509
2.3773397886916703 0.527732858533
2.6674191150583844 0.401973670386
2.9928934724533196 0.30081121952
3.3580817078525094 0.221508722244
3.76782964726437 0.160255454551
4.227574396896681 0.113656281554
4.743416490252569 0.0788093329952
5.322200838503632 0.0532753629464
5.971607558302458 0.0346845333361
6.700253882264447 0.0217734038643
7.517808504409084 0.0130920187428
8.435119877855236 0.00753875078838
9.464360167202898 0.00404336453779
10.619186765762068 0.00200633242104
11.914923520864223 0.000910693854757
13.368764072006183 0.000402823443259
15.0 0.000230118169478
