E(GeV) dN/dE (GeV^-1)
2.014280658870666e-07 0.0
2.2600600713964086e-07 0.0
2.5358291079377776e-07 0.0
2.8452470560622765e-07 0.0
3.1924197039502127e-07 0.0
3.5819538217093405e-07 0.0
4.0190182904153313e-07 0.0
4.509412690023119e-07 0.0
5.059644256269407e-07 0.0
5.677014227737217e-07 0.0
6.36971472885595e-07 0.0
7.146937474415416e-07 0.0
8.018995738036343e-07 0.0
8.997461203045586e-07 0.0
1.0095317511683109e-06 0.0
1.1327132550146199e-06 0.0
1.2709251755588515e-06 0.0
1.4260015010139907e-06 0.0
1.6e-06 0.0
1.7952295268831408e-06 0.0
2.014280658870666e-06 0.0
2.2600600713964087e-06 0.0
2.535829107937783e-06 0.0
2.8452470560622763e-06 0.152638584048
3.192419703950206e-06 0.272078562456
3.5819538217093404e-06 0.363735411052
4.019018290415332e-06 0.324179526333
4.509412690023128e-06 0.288925306968
5.059644256269407e-06 0.343339934514
5.677014227737205e-06 0.306002038735
6.36971472885595e-06 0.272724604093
7.146937474415416e-06 0.303832574063
8.01899573803636e-06 0.270791066669
8.997461203045585e-06 0.241342792207
1.0095317511683087e-05 0.215096989966
1.1327132550146196e-05 0.230046472917
1.2709251755588515e-05 0.205029134801
1.4260015010139935e-05 0.182732408736
1.6e-05 0.162860430714
1.795229526883141e-05 0.145149511658
2.0142806588706658e-05 0.150925411508
2.2600600713964087e-05 0.134512414595
2.5358291079377825e-05 0.119884315698
2.8452470560622763e-05 0.106847008833
3.192419703950206e-05 0.0952274968595
3.58195382170934e-05 0.0848715959122
4.0190182904153316e-05 0.0864478736888
4.5094126900231275e-05 0.0770467485248
5.059644256269407e-05 0.0772514852657
5.6770142277372054e-05 0.0688504587153
6.36971472885595e-05 0.0613630359209
7.146937474415415e-05 0.04861321185
8.01899573803636e-05 0.043326570667
8.997461203045585e-05 0.0434417025972
0.00010095317511683087 0.0473213377926
0.00011327132550146199 0.0575116182291
0.00012709251755588515 0.0751773494271
0.00014260015010139935 0.0822295839314
0.00015999999999999999 0.0868588963807
0.00017952295268831408 0.0919280240504
0.00020142806588706658 0.0970234788264
0.00022600600713964088 0.107609931676
0.00025358291079377826 0.123309581861
0.00028452470560622766 0.140427497324
0.0003192419703950206 0.172769887159
0.000358195382170934 0.225515954852
0.00040190182904153315 0.295003368963
0.00045094126900231283 0.35537812757
0.0005059644256269406 0.42745821847
0.0005677014227737204 0.514083425074
0.0006369714728855951 0.617039416761
0.0007146937474415416 0.731628838343
0.000801899573803636 0.858949263474
0.0008997461203045586 1.03342983623
0.0010095317511683087 1.23723788629
0.0011327132550146197 1.46654626484
0.0012709251755588515 1.73352133474
0.0014260015010139934 2.04843030193
0.0016 2.41494875343
0.0017952295268831408 2.82533524443
0.0020142806588706657 3.29448612548
0.0022600600713964087 3.84340400615
0.0025358291079377827 4.49497678544
0.0028452470560622767 5.24771451956
0.0031924197039502056 6.0953760347
0.003581953821709341 7.07610868661
0.004019018290415332 8.12318251101
0.004509412690023128 9.29934993007
0.005059644256269407 10.5978737587
0.005677014227737205 12.0317706615
0.0063697147288559516 13.6159122216
0.007146937474415416 15.3277456963
0.00801899573803636 17.1597049455
0.008997461203045586 19.1423449067
0.010095317511683088 21.2323099184
0.011327132550146196 23.4157786798
0.012709251755588515 25.6949346037
0.014260015010139935 28.0575867886
0.016 30.355772828
0.01795229526883141 32.6715100465
0.02014280658870668 34.9591764791
0.022600600713964067 37.1806341663
0.02535829107937783 39.3085942529
0.028452470560622764 41.3289877795
0.03192419703950206 43.1189969741
0.03581953821709344 44.7239725554
0.04019018290415327 46.0779377523
0.04509412690023128 47.1737497988
0.05059644256269407 48.0147765666
0.05677014227737205 48.5575051137
0.06369714728855957 48.7299209007
0.07146937474415409 48.5878722133
0.08018995738036361 48.1602291178
0.08997461203045586 47.4435522405
0.10095317511683088 46.4331808113
0.11327132550146209 45.152632191
0.12709251755588502 43.5822264853
0.14260015010139934 41.8194538169
0.16 39.8888461406
0.17952295268831409 37.8200164465
0.2014280658870668 35.6432631554
0.22600600713964064 33.386183071
0.25358291079377826 31.0486762225
0.28452470560622767 28.6962690214
0.3192419703950206 26.3678776225
0.3581953821709344 24.0907285401
0.4019018290415327 21.8859206533
0.4509412690023128 19.7721353233
0.5059644256269407 17.7446841909
0.5677014227737205 15.8436763083
0.6369714728855957 14.0781558804
0.7146937474415409 12.4522863687
0.801899573803636 10.966882766
0.8997461203045586 9.62043872289
1.0095317511683088 8.39748457251
1.1327132550146208 7.30281416382
1.2709251755588502 6.32987609704
1.4260015010139935 5.46836661604
1.6 4.70802253215
1.7952295268831417 4.04033850359
2.014280658870668 3.45365465175
2.2600600713964063 2.94319466
2.5358291079377815 2.50008961253
2.8452470560622767 2.11695917546
3.1924197039502076 1.78701267841
3.5819538217093436 1.50370049731
4.019018290415327 1.25976163933
4.509412690023126 1.05170073377
5.059644256269406 0.874778566317
5.677014227737208 0.724815936577
6.369714728855957 0.598175260439
7.146937474415408 0.49170367871
8.018995738036356 0.401942924881
8.997461203045585 0.326954127812
10.095317511683092 0.264524514465
11.327132550146208 0.21281119946
12.709251755588502 0.170168304383
14.260015010139927 0.135099643117
16.0 0.106313117698
17.952295268831417 0.0829733636108
20.142806588706677 0.0641563441585
22.60060071396407 0.0491164011147
25.358291079377814 0.0371987673073
28.452470560622768 0.0278196946345
31.924197039502076 0.0204239718047
35.81953821709343 0.0147660087549
40.19018290415328 0.0104856948391
45.09412690023126 0.00729251327124
50.59644256269407 0.00495293606032
56.770142277372074 0.00327722828449
63.69714728855955 0.00209052954398
71.46937474415411 0.00128790374489
80.18995738036355 0.000762423079849
89.97461203045586 0.000433866764406
100.95317511683092 0.000232614488829
113.27132550146206 0.000119225418697
127.09251755588504 5.94857863103e-05
142.6001501013993 3.05924507626e-05
160.0 1.9730541181e-05
