E(GeV) dN/dE (GeV^-1)
2.1401732000500826e-06 1.82632430732
2.401313825858684e-06 1.98942730829
2.6943184271838885e-06 2.25664594255
3.0230749970661687e-06 2.44221734476
3.391945935447101e-06 2.56073941135
3.805825935566174e-06 2.62460061308
4.27020693356629e-06 2.74599128188
4.791250983149564e-06 2.80994024032
5.3758720222862455e-06 2.82750534306
6.031827616970793e-06 2.88001918809
6.767821899409447e-06 2.88767227863
7.59362106656638e-06 2.85960069706
8.520182971663614e-06 2.85445642042
9.559802528235934e-06 2.8166123514
1.0726274856163303e-05 2.79373031674
1.2035078334530336e-05 2.74251481438
1.3503579990312797e-05 2.66939893153
1.515126594827365e-05 2.60841556
1.7e-05 2.52912668873
1.9074313723133373e-05 2.43623494078
2.1401732000500823e-05 2.33363661491
2.4013138258586842e-05 2.22454144472
2.6943184271838944e-05 2.12769474583
3.0230749970661688e-05 2.01123781333
3.3919459354470936e-05 1.8949471644
3.8058259355661744e-05 1.7915752011
4.2702069335662895e-05 1.67810578337
4.791250983149574e-05 1.59532091063
5.3758720222862445e-05 1.49453853847
6.0318276169707804e-05 1.38960925825
6.767821899409448e-05 1.29624400063
7.593621066566379e-05 1.21247069555
8.520182971663633e-05 1.14178256817
9.559802528235934e-05 1.08121570909
0.00010726274856163281 1.02841666732
0.00012035078334530333 0.981531617777
0.00013503579990312798 0.935897697681
0.0001515126594827368 0.905779469187
0.00016999999999999999 0.88902635119
0.00019074313723133372 0.881142917833
0.00021401732000500824 0.9091036552
0.00024013138258586843 0.9621593891
0.0002694318427183894 1.01710256411
0.0003023074997066169 1.10043440358
0.0003391945935447094 1.20866900216
0.0003805825935566174 1.31115917584
0.00042702069335662896 1.45842648082
0.00047912509831495736 1.64880041843
0.0005375872022286244 1.86049851573
0.000603182761697078 2.11825411284
0.0006767821899409448 2.38778412195
0.0007593621066566379 2.71719258235
0.0008520182971663632 3.12817840216
0.0009559802528235934 3.60753527137
0.001072627485616328 4.13350620342
0.0012035078334530335 4.73480748414
0.0013503579990312797 5.36259732341
0.001515126594827368 6.09967946339
0.0017 6.90655959897
0.0019074313723133373 7.80892988447
0.0021401732000500824 8.85909336497
0.0024013138258586844 10.0520336177
0.002694318427183894 11.3265895527
0.003023074997066169 12.7400422687
0.003391945935447094 14.3132529397
0.003805825935566174 16.0392766858
0.00427020693356629 17.9011171666
0.004791250983149573 19.9098768944
0.005375872022286244 22.0264281942
0.00603182761697078 24.3452341998
0.006767821899409447 26.8332133705
0.007593621066566379 29.4638385901
0.008520182971663633 32.2211040737
0.009559802528235935 35.1027128678
0.01072627485616328 38.0611340137
0.012035078334530335 41.0835936338
0.013503579990312797 44.1431425792
0.01515126594827368 47.2171085085
0.017 50.2916586587
0.01907431372313337 53.3672518706
0.021401732000500825 56.2471968944
0.024013138258586843 58.9820706079
0.02694318427183894 61.5522102534
0.030230749970661688 63.9222807302
0.03391945935447094 66.054938908
0.03805825935566175 67.9281329039
0.042702069335662896 69.3959899223
0.04791250983149573 70.5311769317
0.053758720222862454 71.3193628988
0.06031827616970781 71.7553180689
0.06767821899409449 71.8319901658
0.07593621066566379 71.5294284433
0.08520182971663633 70.7666437373
0.09559802528235935 69.6590029395
0.1072627485616328 68.2176348337
0.12035078334530334 66.4659940524
0.13503579990312797 64.4369649355
0.1515126594827368 62.1696959211
0.17 59.6091325431
0.1907431372313337 56.8627868091
0.21401732000500848 53.9861039102
0.2401313825858682 51.0141375269
0.26943184271838944 47.9762443819
0.30230749970661686 44.9070989075
0.3391945935447094 41.7999711465
0.3805825935566178 38.7396619209
0.4270206933566285 35.7467937862
0.47912509831495737 32.8474472576
0.5375872022286245 30.0640217162
0.6031827616970781 27.4096523765
0.6767821899409455 24.8759876023
0.7593621066566372 22.4988733134
0.8520182971663633 20.2828905976
0.9559802528235934 18.2272861574
1.072627485616328 16.328981204
1.2035078334530347 14.5843870542
1.3503579990312782 12.9798995598
1.515126594827368 11.5212336551
1.7 10.1996240766
1.9074313723133371 9.00628107037
2.140173200050085 7.93205276997
2.401313825858682 6.96737955337
2.694318427183894 6.10190437998
3.0230749970661686 5.33073611794
3.391945935447094 4.64513993625
3.805825935566178 4.03795466179
4.270206933566285 3.50230399832
4.791250983149573 3.03104637058
5.375872022286245 2.6151688206
6.03182761697078 2.25074161954
6.767821899409455 1.93276878822
7.593621066566372 1.65599693696
8.520182971663631 1.41551698718
9.559802528235934 1.20702637786
10.72627485616328 1.02620690762
12.035078334530347 0.870413036786
13.503579990312783 0.736488934088
15.15126594827368 0.621679101597
17.0 0.523519695635
19.07431372313338 0.439785329161
21.401732000500846 0.368332680451
24.013138258586817 0.307730349214
26.943184271838927 0.256433268569
30.23074997066169 0.213131416986
33.91945935447096 0.176675706161
38.058259355661775 0.146043573208
42.70206933566285 0.120310400802
47.91250983149571 0.0988091374407
53.75872022286244 0.0808937645484
60.318276169707836 0.0659996573219
67.67821899409455 0.0536516803612
75.93621066566371 0.0434566025778
85.20182971663627 0.0350101067889
95.59802528235934 0.0280740929769
107.26274856163286 0.0223997693289
120.35078334530347 0.017776439741
135.03579990312784 0.0140253371683
151.51265948273672 0.0109950591955
170.0 0.00854181883038
190.7431372313338 0.00657977194378
214.01732000500843 0.00502145636124
240.13138258586827 0.00379473854491
269.4318427183893 0.00283708751677
302.3074997066169 0.00209431773761
339.19459354470956 0.00151896147885
380.5825935566177 0.00108439368287
427.0206933566286 0.000760055807674
479.12509831495714 0.000521906516616
537.5872022286245 0.000350264899029
603.1827616970783 0.000228994645674
676.7821899409453 0.000144875801629
759.3621066566374 8.87814509215e-05
852.0182971663628 5.27162031171e-05
955.9802528235934 3.04348593339e-05
1072.6274856163286 1.69915487641e-05
1203.5078334530344 9.35341894588e-06
1350.3579990312785 5.24102710701e-06
1515.1265948273674 3.0320681092e-06
1700.0 2.08895645795e-06
