E(GeV) dN/dE (GeV^-1)
2.2660657412294993e-07 0.0
2.54256758032096e-07 0.0
2.8528077464299994e-07 0.0
3.200902938070061e-07 0.0
3.591472166943989e-07 0.0
4.029698049423008e-07 0.0
4.5213955767172477e-07 0.0
5.073089276276009e-07 0.0
5.692099788303084e-07 0.0
6.386641006204368e-07 0.0
7.165929069962944e-07 0.0
8.040304658717344e-07 0.0
9.021370205290887e-07 0.0
1.0122143853426284e-06 0.0
1.1357232200643497e-06 0.0
1.2743024118914473e-06 0.0
1.4297908225037078e-06 0.0
1.6042516886407395e-06 0.0
1.8000000000000001e-06 0.0
2.0196332177435334e-06 0.0
2.266065741229499e-06 0.383302632401
2.5425675803209596e-06 0.341618830716
2.8528077464300056e-06 0.30446810336
3.200902938070061e-06 0.407036224127
3.5914721669439817e-06 0.362771416608
4.029698049423008e-06 0.431093820506
4.521395576717248e-06 0.480265964938
5.0730892762760195e-06 0.428037491804
5.6920997883030825e-06 0.457786579352
6.386641006204356e-06 0.476003171365
7.165929069962944e-06 0.424238273034
8.040304658717343e-06 0.432117438667
9.021370205290906e-06 0.43326570667
1.0122143853426283e-05 0.386148467531
1.1357232200643473e-05 0.382394648829
1.2743024118914471e-05 0.374890548457
1.429790822503708e-05 0.334121553009
1.6042516886407428e-05 0.29778614757
1.8e-05 0.265402183385
2.0196332177435333e-05 0.258043576282
2.2660657412294992e-05 0.21081644782
2.5425675803209598e-05 0.187890356894
2.8528077464300052e-05 0.167457456848
3.200902938070061e-05 0.149246615513
3.591472166943982e-05 0.13301618609
4.029698049423008e-05 0.129328146152
4.521395576717248e-05 0.124869150884
5.0730892762760186e-05 0.102728998033
5.692099788303082e-05 0.0915573158705
6.386641006204355e-05 0.0884005889678
7.165929069962945e-05 0.0848476546067
8.040304658717343e-05 0.0864234877334
9.021370205290905e-05 0.0914672047415
0.00010122143853426283 0.0858107705625
0.00011357232200643473 0.0803028762541
0.00012743024118914474 0.0681619179012
0.0001429790822503708 0.0668243106019
0.00016042516886407426 0.0758001102906
0.00017999999999999998 0.0868588963807
0.00020196332177435336 0.105367793648
0.0002266065741229499 0.136072434502
0.000254256758032096 0.152020379669
0.0002852807746430005 0.184203202533
0.0003200902938070061 0.207588474305
0.0003591472166943982 0.240638373017
0.0004029698049423008 0.292066063393
0.00045213955767172483 0.364041601423
0.0005073089276276019 0.460568341181
0.0005692099788303082 0.55163282812
0.0006386641006204355 0.654164358362
0.0007165929069962944 0.772719711597
0.0008040304658717343 0.925271465545
0.0009021370205290905 1.1236023993
0.0010122143853426285 1.32406018978
0.0011357232200643473 1.55519903679
0.001274302411891447 1.84241664087
0.001429790822503708 2.18758493161
0.0016042516886407426 2.58018161136
0.0018000000000000002 3.01231478142
0.0020196332177435336 3.51455350896
0.002266065741229499 4.12606118648
0.00254256758032096 4.80179428455
0.0028528077464300052 5.54664767296
0.003200902938070061 6.38775514397
0.0035914721669439817 7.35760894783
0.004029698049423008 8.45396536704
0.004521395576717248 9.65478669314
0.005073089276276019 10.9973960619
0.005692099788303083 12.4837637212
0.006386641006204356 14.1174380572
0.007165929069962945 15.8979656491
0.008040304658717343 17.8096122053
0.009021370205290905 19.8246019557
0.010122143853426283 21.9445599775
0.011357232200643472 24.1658887063
0.012743024118914472 26.4721122172
0.014297908225037079 28.8394892252
0.016042516886407426 31.2475667515
0.018000000000000002 33.6174329607
0.020196332177435335 35.9444595054
0.022660657412295015 38.1823467542
0.025425675803209574 40.3114319671
0.028528077464300056 42.3188285265
0.03200902938070061 44.1694680218
0.03591472166943982 45.7648234431
0.04029698049423012 47.1399476122
0.04521395576717243 48.2528401845
0.05073089276276019 49.0799601938
0.05692099788303083 49.6096601841
0.06386641006204356 49.8337852169
0.07165929069962952 49.6759078563
0.08040304658717334 49.2199533471
0.09021370205290906 48.4717164713
0.10122143853426284 47.4425825788
0.11357232200643473 46.1504950892
0.12743024118914484 44.6204750575
0.14297908225037065 42.8009891653
0.16042516886407426 40.8229588339
0.18 38.7096950023
0.20196332177435333 36.487993893
0.22660657412295016 34.1896557187
0.2542567580320957 31.851868495
0.28528077464300056 29.4548228085
0.3200902938070061 27.0803112982
0.3591472166943982 24.7561829225
0.40296980494230117 22.5061043098
0.4521395576717243 20.3493866611
0.5073089276276018 18.3010297472
0.5692099788303083 16.3578124051
0.6386641006204355 14.5526293967
0.7165929069962952 12.8894163002
0.8040304658717334 11.3671884363
0.9021370205290904 9.98305663758
1.0122143853426284 8.73381336298
1.1357232200643474 7.60707234781
1.2743024118914485 6.60251985474
1.4297908225037066 5.71193309241
1.6042516886407425 4.92569555627
1.8 4.23405006191
2.0196332177435345 3.62777485885
2.2660657412295016 3.09737408833
2.542567580320957 2.63626944207
2.8528077464300043 2.23656803526
3.2009029380700613 1.89155255477
3.591472166943984 1.59488740951
4.029698049423012 1.34035755336
4.521395576717243 1.12177392756
5.073089276276017 0.935570363409
5.692099788303082 0.777402029583
6.386641006204359 0.643532011524
7.165929069962952 0.530679170894
8.040304658717334 0.435931577254
9.0213702052909 0.355971345303
10.122143853426284 0.28924463832
11.35723220064348 0.233796776604
12.743024118914484 0.187937948571
14.297908225037064 0.150181198644
16.04251688640742 0.119216762106
18.0 0.0937751807698
20.196332177435345 0.073134344828
22.66065741229501 0.0565043467389
25.425675803209582 0.0432171904984
28.528077464300043 0.0326921864813
32.00902938070061 0.0244243443075
35.914721669439835 0.0179325408505
40.29698049423011 0.0129452193399
45.21395576717244 0.00917836285592
50.73089276276016 0.00637798120738
56.92099788303083 0.00433224803415
63.866410062043585 0.00286893911427
71.6592906996295 0.00182719424196
80.40304658717336 0.00112370519485
90.213702052909 0.000663806389189
101.22143853426283 0.000377760464709
113.57232200643479 0.00020286418515
127.43024118914482 0.000103970781471
142.97908225037068 5.22292736727e-05
160.4251688640742 2.70335679058e-05
180.0 1.75117186092e-05
