E(GeV) dN/dE (GeV^-1)
2.5178508235883325e-08 0.0
2.8250750892455108e-08 0.0
3.169786384922222e-08 0.0
3.5565588200778456e-08 0.0
3.990524629937766e-08 0.0
4.4774422771366756e-08 0.0
5.023772863019164e-08 0.0
5.636765862528899e-08 0.0
6.324555320336758e-08 0.0
7.096267784671521e-08 0.0
7.962143411069938e-08 0.0
8.93367184301927e-08 0.0
1.0023744672545429e-07 0.0
1.1246826503806982e-07 0.0
1.2619146889603886e-07 0.0
1.4158915687682748e-07 0.0
1.5886564694485644e-07 0.0
1.7825018762674884e-07 0.0
2e-07 0.0
2.244036908603926e-07 0.0
2.5178508235883323e-07 0.0
2.825075089245511e-07 0.0
3.1697863849222287e-07 0.0
3.5565588200778454e-07 0.0
3.9905246299377574e-07 0.0
4.4774422771366755e-07 0.0
5.023772863019165e-07 0.0
5.63676586252891e-07 0.0
6.324555320336758e-07 0.0
7.096267784671506e-07 0.0
7.962143411069937e-07 0.0
8.93367184301927e-07 0.0
1.002374467254545e-06 0.0
1.124682650380698e-06 0.0
1.261914688960386e-06 0.0
1.4158915687682745e-06 0.0
1.5886564694485644e-06 0.0
1.7825018762674918e-06 0.0
2e-06 0.0
2.244036908603926e-06 0.0
2.5178508235883322e-06 0.0
2.825075089245511e-06 0.0
3.169786384922228e-06 0.0
3.5565588200778454e-06 0.0
3.990524629937757e-06 0.0
4.477442277136675e-06 0.0
5.0237728630191645e-06 0.0
5.636765862528909e-06 0.0
6.324555320336758e-06 0.0
7.096267784671507e-06 0.0
7.962143411069938e-06 0.0
8.93367184301927e-06 0.0
1.002374467254545e-05 0.0
1.124682650380698e-05 0.0
1.261914688960386e-05 0.0
1.4158915687682748e-05 0.0
1.5886564694485643e-05 0.0
1.782501876267492e-05 0.0
1.9999999999999998e-05 0.0
2.244036908603926e-05 0.0
2.5178508235883322e-05 0.0
2.825075089245511e-05 0.0
3.169786384922228e-05 0.0
3.556558820077846e-05 0.0
3.990524629937757e-05 0.0
4.477442277136675e-05 0.0
5.0237728630191644e-05 0.0
5.6367658625289104e-05 0.00770467485248
6.324555320336758e-05 0.00686679869029
7.096267784671505e-05 0.0122400815494
7.962143411069939e-05 0.0109089841637
8.93367184301927e-05 0.00972264237
0.0001002374467254545 0.0086653141334
0.00011246826503806983 0.00772296935062
0.00012619146889603859 0.00688310367892
0.00014158915687682746 0.00613457261111
0.00015886564694485644 0.0054674435947
0.00017825018762674918 0.00487286423297
0.0002 0.00651441722855
0.0002244036908603926 0.00967663411056
0.0002517850823588332 0.00689944738321
0.0002825075089245511 0.00614913895289
0.00031697863849222284 0.00822063879072
0.0003556558820077846 0.0109899780514
0.0003990524629937757 0.0130597709979
0.0004477442277136676 0.0252189884996
0.0005023772863019165 0.0319857132648
0.000563676586252891 0.0431461791739
0.0006324555320336759 0.0604278284745
0.0007096267784671506 0.0838445586133
0.0007962143411069939 0.11127163847
0.000893367184301927 0.146325767669
0.001002374467254545 0.191503442348
0.0011246826503806982 0.260650215583
0.001261914688960386 0.350349977257
0.0014158915687682745 0.457945845419
0.0015886564694485644 0.585836581172
0.0017825018762674919 0.74335543874
0.002 0.94003040608
0.002244036908603926 1.16835680251
0.002517850823588335 1.44698660244
0.0028250750892455084 1.78693977971
0.0031697863849222286 2.18668991833
0.0035565588200778455 2.63100074551
0.003990524629937758 3.17200071254
0.00447744227713668 3.81796086662
0.005023772863019159 4.56271877329
0.00563676586252891 5.4078342322
0.006324555320336759 6.36311900635
0.0070962677846715064 7.43946036531
0.007962143411069947 8.62447924508
0.008933671843019261 9.9129630944
0.010023744672545451 11.2928106849
0.011246826503806982 12.7686169165
0.01261914688960386 14.3447666376
0.01415891568768276 15.990407641
0.015886564694485628 17.6361961173
0.017825018762674918 19.3092118096
0.02 20.9861082429
0.02244036908603926 22.6375758981
0.02517850823588335 24.2286686353
0.02825075089245508 25.7197575327
0.03169786384922228 27.0764823978
0.03556558820077846 28.2992179046
0.03990524629937758 29.3556988333
0.0447744227713668 30.2158691813
0.05023772863019159 30.8642077099
0.0563676586252891 31.3127925035
0.06324555320336758 31.4690963699
0.07096267784671506 31.3825531659
0.07962143411069947 31.0613415166
0.08933671843019261 30.5159666133
0.1002374467254545 29.7562554684
0.11246826503806982 28.7889939395
0.1261914688960386 27.6146196229
0.1415891568768276 26.2927843458
0.15886564694485628 24.8528034029
0.17825018762674918 23.3206535399
0.2 21.7194079611
0.22440369086039272 20.0698133004
0.2517850823588335 18.375707008
0.2825075089245508 16.6932612133
0.3169786384922227 15.0475244488
0.3556558820077846 13.4578508894
0.39905246299377595 11.9403168124
0.44774422771366795 10.5090619254
0.5023772863019159 9.16014896131
0.5636765862528907 7.92391985055
0.6324555320336758 6.80585035847
0.709626778467151 5.80434030734
0.7962143411069946 4.91562917286
0.893367184301926 4.13599018825
1.0023744672545445 3.45209347692
1.1246826503806981 2.86370445175
1.2619146889603865 2.36047436789
1.415891568768276 1.93281427147
1.5886564694485628 1.57193951384
1.782501876267491 1.26982017776
2.0 1.01542957397
2.244036908603927 0.805143179973
2.5178508235883346 0.632234310685
2.8250750892455088 0.491369084931
3.1697863849222268 0.377763151361
3.556558820077846 0.286959805344
3.9905246299377595 0.214144874152
4.477442277136679 0.157306447646
5.02377286301916 0.113439839082
5.636765862528907 0.0801676811673
6.324555320336759 0.0554014005012
7.096267784671509 0.0372968136895
7.962143411069944 0.0241715271158
8.933671843019264 0.0150987774685
10.023744672545444 0.00904931752923
11.246826503806982 0.00519879404806
12.619146889603865 0.00278063622421
14.158915687682757 0.00138307006804
15.88656469448563 0.000632856596087
17.82501876267491 0.00028550111541
20.0 0.000166530219086
