E(GeV) dN/dE (GeV^-1)
2.5178508235883323e-07 0.0
2.825075089245511e-07 0.0
3.169786384922222e-07 0.0
3.5565588200778454e-07 0.0
3.9905246299377654e-07 0.0
4.4774422771366755e-07 0.0
5.023772863019163e-07 0.0
5.636765862528898e-07 0.0
6.324555320336759e-07 0.0
7.096267784671521e-07 0.0
7.962143411069937e-07 0.0
8.93367184301927e-07 0.0
1.0023744672545429e-06 0.0
1.1246826503806983e-06 0.0
1.2619146889603885e-06 0.0
1.4158915687682747e-06 0.0
1.5886564694485644e-06 0.0
1.7825018762674882e-06 0.0
2e-06 0.217147240952
2.244036908603926e-06 0.193532682211
2.5178508235883322e-06 0.344972369161
2.825075089245511e-06 0.461185421467
3.1697863849222286e-06 0.411031939536
3.556558820077846e-06 0.488443468953
3.990524629937757e-06 0.544157124912
4.477442277136676e-06 0.581976657684
5.0237728630191645e-06 0.605135115821
5.63676586252891e-06 0.616373988198
6.324555320336758e-06 0.618011882126
7.096267784671507e-06 0.612004077469
7.962143411069938e-06 0.599994129005
8.93367184301927e-06 0.5833585422
1.002374467254545e-05 0.519918848004
1.124682650380698e-05 0.50199300779
1.261914688960386e-05 0.44740173913
1.4158915687682747e-05 0.429420082778
1.5886564694485643e-05 0.382721051629
1.782501876267492e-05 0.341100496308
1.9999999999999998e-05 0.325720861427
2.244036908603926e-05 0.309652291538
2.5178508235883322e-05 0.275977895329
2.825075089245511e-05 0.245965558116
3.169786384922228e-05 0.205515969768
3.556558820077845e-05 0.195377387581
3.990524629937757e-05 0.174130279972
4.477442277136675e-05 0.155193775382
5.0237728630191644e-05 0.146961385271
5.63676586252891e-05 0.130979472492
6.324555320336758e-05 0.123602376425
7.096267784671507e-05 0.10404069317
7.962143411069939e-05 0.0981808574735
8.93367184301927e-05 0.092365102515
0.0001002374467254545 0.0909857984008
0.00011246826503806981 0.0926756322074
0.00012619146889603859 0.0963634515049
0.00014158915687682746 0.104287734389
0.00015886564694485644 0.117550037286
0.00017825018762674918 0.134003766407
0.00019999999999999998 0.149831596257
0.0002244036908603926 0.160632126235
0.0002517850823588332 0.175935908272
0.0002825075089245511 0.212145293875
0.00031697863849222284 0.253469696047
0.0003556558820077846 0.30771938544
0.00039905246299377575 0.364585273691
0.0004477442277136675 0.423872999013
0.0005023772863019165 0.497939752447
0.000563676586252891 0.59171902867
0.0006324555320336759 0.700413466409
0.0007096267784671505 0.835385565746
0.0007962143411069938 0.992172109691
0.000893367184301927 1.17400906618
0.001002374467254545 1.3834174014
0.0011246826503806982 1.61255600041
0.001261914688960386 1.8993924602
0.0014158915687682747 2.24832086197
0.0015886564694485644 2.65608409831
0.0017825018762674919 3.1186331091
0.002 3.6380848749
0.002244036908603926 4.23526921751
0.0025178508235883324 4.93069007241
0.002825075089245511 5.70609349134
0.003169786384922228 6.58226547973
0.003556558820077846 7.58235219029
0.003990524629937757 8.71630882684
0.0044774422771366755 9.94937594365
0.005023772863019164 11.3160266659
0.00563676586252891 12.7986976779
0.006324555320336759 14.433873511
0.0070962677846715064 16.2290017255
0.007962143411069938 18.1665131482
0.00893367184301927 20.2186237141
0.010023744672545451 22.3808166703
0.011246826503806982 24.6514478633
0.012619146889603859 26.9853112198
0.014158915687682747 29.3591750037
0.015886564694485645 31.764070366
0.017825018762674918 34.1876987223
0.02 36.5419502871
0.02244036908603926 38.8349840834
0.02517850823588335 41.0101427596
0.02825075089245508 43.0501218092
0.03169786384922228 44.9398208815
0.03556558820077845 46.6158235682
0.03990524629937758 47.9981954385
0.0447744227713668 49.1222150727
0.05023772863019159 49.9709167526
0.0563676586252891 50.5234978012
0.06324555320336758 50.7652950991
0.07096267784671506 50.6983688172
0.07962143411069947 50.2473374163
0.08933671843019261 49.5060809894
0.10023744672545451 48.477029753
0.11246826503806982 47.1752524238
0.1261914688960386 45.6282457158
0.1415891568768276 43.8748405909
0.15886564694485628 41.8884527821
0.17825018762674918 39.7419964718
0.2 37.4854137911
0.2244036908603926 35.1570115776
0.2517850823588335 32.7854167507
0.2825075089245508 30.3918118177
0.3169786384922228 27.9722963677
0.35565588200778453 25.5991976547
0.3990524629937758 23.3001235391
0.44774422771366795 21.0968643226
0.5023772863019159 19.0043720498
0.563676586252891 17.0307584633
0.6324555320336759 15.1734854111
0.7096267784671506 13.4581624448
0.7962143411069946 11.8866991422
0.8933671843019261 10.4566391579
1.002374467254545 9.1632447468
1.1246826503806981 8.00075413215
1.261914688960386 6.95600297414
1.415891568768276 6.02866903029
1.5886564694485628 5.20817659932
1.7825018762674918 4.48490676148
2.0 3.84989789388
2.244036908603927 3.29468528642
2.517850823588335 2.80925178572
2.825075089245508 2.38769036325
3.1697863849222268 2.02363080771
3.556558820077846 1.70988269545
3.99052462993776 1.44006448941
4.47744227713668 1.20915612134
5.0237728630191585 1.01112519255
5.636765862528907 0.842285995511
6.324555320336758 0.699223244192
7.09626778467151 0.578398260371
7.962143411069947 0.476617881707
8.93367184301926 0.391190515757
10.023744672545444 0.319186889431
11.246826503806982 0.259211040245
12.619146889603867 0.209442004061
14.15891568768276 0.16825169609
15.886564694485628 0.134307751904
17.82501876267491 0.106554264346
20.0 0.0837739941021
22.440369086039272 0.065290921095
25.178508235883346 0.0504166250899
28.25075089245509 0.0385355623456
31.69786384922227 0.0291273399612
35.56558820077846 0.0217592773436
39.905246299377595 0.0159702933288
44.77442277136679 0.0115289769879
50.237728630191604 0.00817151119479
56.367658625289074 0.00567467023637
63.245553203367585 0.00385019342525
70.9626778467151 0.00254219761736
79.62143411069944 0.0016182005294
89.33671843019263 0.000996045820237
100.23744672545445 0.000588959738362
112.46826503806982 0.000335227069118
126.19146889603866 0.000179979394996
141.5891568768276 9.26259118551e-05
158.8656469448563 4.67411752911e-05
178.25018762674912 2.43277746831e-05
200.0 1.57866044172e-05
