E(GeV) dN/dE (GeV^-1)
2.5178508235883327e-06 2.24232039954
2.825075089245511e-06 2.45965558116
3.169786384922222e-06 2.46619163722
3.556558820077846e-06 2.68643907924
3.990524629937766e-06 2.72078562456
4.477442277136675e-06 2.8128871788
5.023772863019164e-06 2.93922770542
5.636765862528898e-06 3.00482319247
6.324555320336759e-06 3.02139142373
7.09626778467152e-06 3.06002038735
7.962143411069938e-06 3.05451556584
8.933671843019271e-06 2.96540592285
1.002374467254543e-05 2.94620680536
1.1246826503806982e-05 2.89611350648
1.2619146889603886e-05 2.85648802675
1.4158915687682747e-05 2.760557675
1.5886564694485643e-05 2.65171014343
1.782501876267488e-05 2.55825372231
2e-05 2.47547854685
2.244036908603926e-05 2.3804519912
2.5178508235883322e-05 2.27681763646
2.8250750892455107e-05 2.15219863351
3.169786384922228e-05 2.02775756838
3.556558820077846e-05 1.92935170236
3.990524629937757e-05 1.8283679397
4.477442277136676e-05 1.72653075113
5.0237728630191644e-05 1.60793045061
5.6367658625289104e-05 1.50241159623
6.324555320336758e-05 1.42142732889
7.096267784671507e-05 1.34640897043
7.962143411069938e-05 1.25998767091
8.93367184301927e-05 1.19102369033
0.0001002374467254545 1.15681943681
0.00011246826503806981 1.11596907116
0.00012619146889603859 1.08064727759
0.00014158915687682746 1.06434834803
0.00015886564694485644 1.06341777917
0.00017825018762674918 1.01111932834
0.00019999999999999998 1.00104878079
0.0002244036908603926 1.00830527432
0.0002517850823588332 1.05389058779
0.0002825075089245511 1.12836699786
0.00031697863849222284 1.22350507335
0.00035565588200778454 1.36519949572
0.00039905246299377575 1.50078535051
0.00044774422771366756 1.66639316317
0.0005023772863019165 1.86986750789
0.000563676586252891 2.11416277952
0.0006324555320336759 2.40475290134
0.0007096267784671506 2.757078369
0.0007962143411069938 3.13524204865
0.000893367184301927 3.57744626004
0.001002374467254545 4.06836498563
0.001124682650380698 4.61177114772
0.001261914688960386 5.22668477859
0.0014158915687682747 5.93059807179
0.0015886564694485644 6.7219485275
0.0017825018762674919 7.6574624989
0.002 8.68697537427
0.002244036908603926 9.8198482954
0.0025178508235883324 11.0951738231
0.002825075089245511 12.5059650739
0.003169786384922228 13.9782371891
0.003556558820077846 15.6334879999
0.003990524629937758 17.4368620792
0.0044774422771366755 19.4049446933
0.005023772863019165 21.5624337906
0.0056367658625289105 23.8560617925
0.006324555320336759 26.2686637177
0.007096267784671506 28.8611942873
0.007962143411069938 31.5821091481
0.00893367184301927 34.4344394158
0.01002374467254545 37.4304742978
0.011246826503806982 40.5119555592
0.012619146889603859 43.6037734956
0.014158915687682747 46.7453819509
0.015886564694485645 49.8729816566
0.017825018762674918 52.9524410468
0.02 55.9644681068
0.02244036908603926 58.8810218938
0.025178508235883322 61.573824945
0.02825075089245511 64.0978865483
0.03169786384922228 66.3937699762
0.03556558820077846 68.4283290388
0.03990524629937757 70.1781160319
0.044774422771366756 71.6083672828
0.050237728630191644 72.6128164971
0.0563676586252891 73.2398763848
0.0632455532033676 73.5101305997
0.07096267784671506 73.4098829724
0.07962143411069939 72.9241646125
0.0893367184301927 72.0703602338
0.1002374467254545 70.7811540606
0.11246826503806981 69.169859817
0.12619146889603858 67.2611109697
0.14158915687682747 65.0821900008
0.15886564694485644 62.662958789
0.17825018762674918 60.0356730424
0.2 57.181443761
0.2244036908603926 54.1986360559
0.2517850823588335 51.1343832255
0.2825075089245508 48.022976599
0.31697863849222285 44.894978667
0.35565588200778453 41.7837023953
0.3990524629937757 38.679756075
0.447744227713668 35.6613025522
0.5023772863019159 32.7444359954
0.563676586252891 29.949055809
0.6324555320336759 27.2917796419
0.7096267784671506 24.7817379
0.7962143411069947 22.4086303659
0.8933671843019261 20.1971702176
1.0023744672545452 18.1486330545
1.1246826503806981 16.260179469
1.261914688960386 14.5265896719
1.415891568768276 12.94144285
1.5886564694485625 11.4911490013
1.7825018762674918 10.1773480192
2.0 8.99104969584
2.2440369086039262 7.92253709805
2.517850823588335 6.96283191638
2.825075089245508 6.10432817887
3.169786384922228 5.33620242549
3.5565588200778455 4.65398119955
3.9905246299377577 4.04927167499
4.47744227713668 3.51472910685
5.0237728630191585 3.04367013625
5.636765862528909 2.62985939619
6.324555320336759 2.2658758119
7.0962677846715065 1.94750389162
7.962143411069947 1.67011594868
8.93367184301926 1.4290017936
10.02374467254545 1.21986401644
11.246826503806982 1.03900682409
12.619146889603861 0.882507260939
14.15891568768276 0.74784120873
15.886564694485628 0.632170213218
17.82501876267492 0.533041911879
20.0 0.448333897905
22.440369086039272 0.37620131054
25.17850823588335 0.314734954551
28.25075089245508 0.26267141584
31.69786384922227 0.218678500372
35.56558820077846 0.181593170977
39.905246299377595 0.150395724239
44.7744227713668 0.124193547161
50.23772863019159 0.102208574556
56.367658625289074 0.0838697851385
63.245553203367585 0.0686058629751
70.9626778467151 0.0559251774008
79.62143411069947 0.0454192992045
89.3367184301926 0.0367535472711
100.23744672545445 0.0295796130398
112.46826503806982 0.0236976302566
126.19146889603866 0.0188939371964
141.58915687682762 0.0149817090684
158.86564694485628 0.0118083714455
178.2501876267491 0.00925230954301
200.0 0.00718145663772
224.40369086039271 0.00552760499157
251.78508235883345 0.00421759251354
282.5075089245509 0.00318589195077
316.9786384922227 0.00237945019691
355.6558820077846 0.00175652697085
399.052462993776 0.00127285860885
447.7442277136679 0.000907934023964
502.377286301916 0.000635941680089
563.6765862528907 0.000436407422526
632.4555320336759 0.000292866904101
709.626778467151 0.000191952630882
796.2143411069944 0.00012129426767
893.3671843019263 7.43286286544e-05
1002.3744672545445 4.41250793644e-05
1124.682650380698 2.54483424557e-05
1261.9146889603865 1.42390765806e-05
1415.8915687682759 7.84427799782e-06
1588.656469448563 4.38707674039e-06
1782.501876267491 2.54412241603e-06
2000.0 1.76388703825e-06
