E(GeV) dN/dE (GeV^-1)
2.7696359059471656e-07 0.0
3.107582598170062e-07 0.0
3.486765023414444e-07 0.0
3.9122147020856303e-07 0.0
4.389577092931542e-07 0.0
4.925186504850343e-07 0.0
5.52615014932108e-07 0.0
6.200442448781789e-07 0.0
6.957010852370435e-07 0.0
7.805894563138673e-07 0.0
8.758357752176932e-07 0.0
9.827039027321197e-07 0.0
1.1026119139799972e-06 0.0
1.237150915418768e-06 0.0
1.3881061578564275e-06 0.0
1.5574807256451022e-06 0.0
1.747522116393421e-06 0.0
1.960752063894237e-06 0.221493828771
2.2e-06 0.394813165367
2.468440599464319e-06 0.351877604021
2.7696359059471656e-06 0.470416867037
3.107582598170062e-06 0.559012632081
3.4867650234144516e-06 0.622775665964
3.9122147020856306e-06 0.666059275845
4.389577092931533e-06 0.692563613524
4.925186504850343e-06 0.705426251738
5.526150149321081e-06 0.707300784726
6.200442448781801e-06 0.700424986589
6.957010852370434e-06 0.749105311667
7.805894563138657e-06 0.7232775461
8.758357752176932e-06 0.694208083146
9.827039027321196e-06 0.662907434318
1.1026119139799994e-05 0.669592455763
1.2371509154187679e-05 0.631879310505
1.3881061578564245e-05 0.594449863179
1.557480725645102e-05 0.557688419192
1.7475221163934207e-05 0.472188310451
1.960752063894241e-05 0.420838274666
2.2e-05 0.394813165367
2.4684405994643188e-05 0.351877604021
2.7696359059471656e-05 0.329291806926
3.107582598170062e-05 0.307456947645
3.486765023414451e-05 0.261565779705
3.91221470208563e-05 0.244221734476
4.389577092931533e-05 0.217662849965
4.925186504850343e-05 0.193992219228
5.526150149321081e-05 0.180754644986
6.200442448781801e-05 0.168101996781
6.957010852370435e-05 0.149821062333
7.805894563138657e-05 0.133528162357
8.758357752176932e-05 0.128924358299
9.827039027321196e-05 0.128162103968
0.00011026119139799995 0.12604093285
0.0001237150915418768 0.129886302715
0.00013881061578564246 0.134533390088
0.00015574807256451021 0.13105677851
0.0001747522116393421 0.141656493135
0.00019607520638942411 0.150615803565
0.00021999999999999998 0.159899331973
0.00024684405994643185 0.17769819003
0.00027696359059471655 0.210119533943
0.0003107582598170062 0.259940873918
0.0003486765023414451 0.31014228165
0.00039122147020856303 0.368552799301
0.0004389577092931533 0.438293829702
0.0004925186504850343 0.522897209101
0.0005526150149321081 0.621638800798
0.0006200442448781802 0.729142411039
0.0006957010852370434 0.839622203494
0.0007805894563138656 0.986439299412
0.0008758357752176933 1.17817028968
0.0009827039027321197 1.40580569904
0.0011026119139799994 1.65468112157
0.0012371509154187681 1.95075184915
0.0013881061578564246 2.31397430951
0.0015574807256451021 2.72793290248
0.0017475221163934208 3.19422966012
0.001960752063894241 3.71666644678
0.0022 4.30820126048
0.0024684405994643186 4.99947699792
0.0027696359059471653 5.78894996576
0.003107582598170062 6.66398958704
0.003486765023414451 7.65740047842
0.003912214702085631 8.77932731491
0.004389577092931533 10.0254519317
0.004925186504850344 11.4029508245
0.005526150149321081 12.8983371103
0.0062004424487818 14.5544109663
0.006957010852370435 16.3577132873
0.007805894563138657 18.3000902878
0.008758357752176933 20.3758997936
0.009827039027321197 22.5745613806
0.011026119139799995 24.8273854015
0.01237150915418768 27.1648777071
0.013881061578564245 29.5837986198
0.015574807256451021 32.0425458131
0.01747522116393421 34.4923122938
0.01960752063894241 36.9281820624
0.022000000000000002 39.2346767523
0.024684405994643187 41.4559848829
0.027696359059471685 43.5511151475
0.03107582598170059 45.4742661129
0.03486765023414451 47.1900787576
0.0391221470208563 48.6921745527
0.043895770929315334 49.8718916667
0.04925186504850348 50.7566709441
0.05526150149321075 51.3509564621
0.06200442448781801 51.6479446653
0.06957010852370435 51.6338440042
0.07805894563138657 51.2931410853
0.08758357752176942 50.5672721369
0.09827039027321187 49.5558971573
0.11026119139799996 48.277911469
0.1237150915418768 46.7528870915
0.13881061578564247 45.0083865626
0.15574807256451037 43.085501508
0.17475221163934188 40.9320537497
0.1960752063894241 38.6614665149
0.22 36.306596237
0.24684405994643188 33.900671299
0.27696359059471687 31.4742456132
0.3107582598170059 29.0531456652
0.3486765023414451 26.6332355186
0.391221470208563 24.2812985805
0.43895770929315336 22.020701208
0.4925186504850348 19.8668780839
0.5526150149321075 17.8329357748
0.6200442448781801 15.9326330099
0.6957010852370434 14.156825651
0.7805894563138657 12.5266958553
0.8758357752176942 11.0400437077
0.9827039027321187 9.69233335823
1.1026119139799995 8.47766557421
1.237150915418768 7.38938165727
1.3881061578564247 6.41519060369
1.5574807256451038 5.55227842117
1.747522116393419 4.79019085958
1.960752063894241 4.11980249167
2.2 3.53244886178
2.4684405994643197 3.01957783971
2.7696359059471685 2.57158554951
3.1075825981700587 2.18372093658
3.4867650234144496 1.84909232234
3.9122147020856306 1.5610622185
4.389577092931535 1.31368622325
4.925186504850347 1.10184732363
5.526150149321075 0.920318483473
6.200442448781798 0.766248265213
6.957010852370434 0.63568502434
7.805894563138661 0.525414513658
8.758357752176941 0.432626808031
9.827039027321186 0.35477586135
11.026119139799988 0.28934169239
12.371509154187681 0.234789396356
13.881061578564253 0.189523193689
15.574807256451036 0.152130541188
17.47522116393419 0.121382168502
19.6075206389424 0.0962200422813
22.0 0.0755660554117
24.6844059946432 0.0588713927632
27.696359059471682 0.0454563818618
31.0758259817006 0.034741181651
34.8676502341445 0.0262494213668
39.1221470208563 0.0195918227713
43.895770929315354 0.0143574966969
49.25186504850347 0.0103544934222
55.261501493210766 0.00733521210706
62.004424487817985 0.00509115808727
69.57010852370435 0.00345208328012
78.0589456313866 0.00228011577306
87.58357752176939 0.00145165852267
98.27039027321189 0.00089290979773
110.2611913979999 0.000527560079558
123.7150915418768 0.000300075974118
138.8106157856425 0.000161546443344
155.74807256451035 8.34441297216e-05
174.75221163934194 4.22111497527e-05
196.075206389424 2.20297762096e-05
220.0 1.42330146115e-05
