E(GeV) dN/dE (GeV^-1)
3.021420988305999e-07 0.0
3.390090107094613e-07 0.0
3.803743661906666e-07 0.0
4.267870584093415e-07 0.0
4.788629555925319e-07 0.0
5.372930732564011e-07 0.0
6.028527435622997e-07 0.0
6.764119035034679e-07 0.0
7.589466384404111e-07 0.0
8.515521341605824e-07 0.0
9.554572093283927e-07 0.0
1.0720406211623124e-06 0.0
1.2028493607054515e-06 0.0
1.3496191804568378e-06 0.0
1.5142976267524663e-06 0.0
1.6990698825219296e-06 0.25560719213
1.9063877633382773e-06 0.455620299558
2.139002251520986e-06 0.406072019414
2.4e-06 0.542868102379
2.692844290324711e-06 0.483831705528
3.0214209883059986e-06 0.574953948601
3.390090107094613e-06 0.640535307593
3.8037436619066742e-06 0.68505323256
4.2678705840934145e-06 0.814072448254
4.788629555925309e-06 0.816235687368
5.37293073256401e-06 0.80830091345
6.028527435622997e-06 0.864478736888
6.764119035034692e-06 0.898878732789
7.58946638440411e-06 0.858349836286
8.515521341605807e-06 0.867005776415
9.554572093283925e-06 0.818173812279
1.0720406211623123e-05 0.769709187625
1.202849360705454e-05 0.722109511117
1.3496191804568377e-05 0.675759818179
1.5142976267524631e-05 0.630951170568
1.6990698825219295e-05 0.613457261111
1.9063877633382774e-05 0.569525374448
2.13900225152099e-05 0.487286423297
2.4e-05 0.452390085316
2.692844290324711e-05 0.419320811458
3.0214209883059987e-05 0.388093915306
3.390090107094613e-05 0.3458890661
3.8037436619066736e-05 0.308273954652
4.267870584093414e-05 0.274749451286
4.788629555925309e-05 0.24487070621
5.372930732564011e-05 0.218241246631
6.028527435622998e-05 0.208915694748
6.764119035034692e-05 0.199037433689
7.58946638440411e-05 0.177392299499
8.515521341605808e-05 0.163201087325
9.554572093283926e-05 0.149998532251
0.00010720406211623124 0.141788534563
0.00012028493607054539 0.133590259557
0.00013496191804568376 0.135151963636
0.00015142976267524632 0.149133913043
0.00016990698825219297 0.15847645912
0.00019063877633382774 0.166301409339
0.00021390022515209903 0.190853849125
0.00023999999999999998 0.211718559928
0.0002692844290324711 0.233851991005
0.0003021420988305999 0.263041431485
0.0003390090107094613 0.313862300721
0.00038037436619066736 0.375637522521
0.00042678705840934147 0.445704665419
0.00047886295559253087 0.526018554081
0.000537293073256401 0.615925296049
0.0006028527435622997 0.718237750564
0.0006764119035034692 0.864849752191
0.000758946638440411 1.01285280682
0.0008515521341605808 1.19187794087
0.0009554572093283926 1.40225900605
0.0010720406211623124 1.65568497359
0.001202849360705454 1.96702630828
0.0013496191804568379 2.3287970496
0.001514297626752463 2.72599585284
0.0016990698825219296 3.19048897216
0.0019063877633382772 3.70647113691
0.0021390022515209903 4.30111482963
0.0024000000000000002 5.01031067289
0.002692844290324711 5.79033657453
0.0030214209883059986 6.66716598798
0.0033900901070946132 7.66067417175
0.003803743661906674 8.77210664293
0.004267870584093415 10.0069855702
0.004788629555925308 11.3762395463
0.005372930732564011 12.8960369236
0.006028527435622997 14.5434139502
0.006764119035034692 16.314327972
0.0075894663844041105 18.2268298802
0.008515521341605808 20.2921681963
0.009554572093283926 22.5018707263
0.010720406211623124 24.8091855135
0.01202849360705454 27.1592608226
0.013496191804568378 29.5958022503
0.01514297626752463 32.070100816
0.016990698825219294 34.5509098138
0.019063877633382773 37.0095813128
0.0213900225152099 39.3948536239
0.024 41.63116141
0.026928442903247113 43.7754154329
0.03021420988306002 45.7624246218
0.0339009010709461 47.5569282334
0.03803743661906674 49.1326572222
0.042678705840934146 50.4444266441
0.04788629555925309 51.3901988767
0.05372930732564016 52.0559529377
0.060285274356229906 52.4117249199
0.06764119035034692 52.4510828904
0.0758946638440411 52.1820793276
0.08515521341605808 51.6169848975
0.09554572093283936 50.6604861009
0.10720406211623112 49.4208190874
0.12028493607054541 47.9265923908
0.13496191804568378 46.2075778793
0.15142976267524633 44.2939566413
0.16990698825219314 42.2157106656
0.1906387763338275 39.9454618371
0.21390022515209903 37.5773585097
0.24 35.1433248133
0.26928442903247113 32.6780288724
0.30214209883060017 30.2153794999
0.33900901070946093 27.7858964044
0.3803743661906674 25.3825889476
0.42678705840934145 23.0630917064
0.47886295559253095 20.8503279813
0.5372930732564016 18.7582861799
0.602852743562299 16.7959710666
0.6764119035034691 14.969916143
0.7589466384404111 13.2691059445
0.8515521341605807 11.7173357166
0.9554572093283936 10.3081159524
1.0720406211623112 9.03548287231
1.202849360705454 7.89237425064
1.3496191804568378 6.87003850152
1.5142976267524633 5.95735003817
1.6990698825219313 5.1487076846
1.9063877633382753 4.43618440751
2.1390022515209903 3.81112295151
2.4 3.26473475669
2.6928442903247127 2.7885003303
3.021420988306002 2.37286987433
3.3900901070946095 2.01345497078
3.8037436619066725 1.70311118399
4.267870584093415 1.43612901758
4.788629555925311 1.20737827746
5.372930732564016 1.01195822919
6.0285274356229905 0.844867964701
6.764119035034689 0.702909621654
7.58946638440411 0.582689928013
8.515521341605812 0.481253435345
9.554572093283936 0.395986261603
10.720406211623112 0.324564285921
12.028493607054532 0.264575328525
13.49619180456838 0.214616555756
15.14297626752464 0.173169452974
16.99069882521931 0.138927084291
19.063877633382752 0.110778881766
21.390022515209893 0.0877831466905
24.0 0.0689098130688
26.928442903247127 0.0536359055916
30.214209883060015 0.0413651768229
33.900901070946105 0.0315894719252
38.037436619066725 0.0238629273695
42.67870584093415 0.0177969465866
47.886295559253114 0.0130406529442
53.72930732564015 0.00940713535887
60.28527435622992 0.00665998741292
67.64119035034689 0.00461980650886
75.8946638440411 0.0031337150833
85.15521341605812 0.00207043019421
95.54572093283933 0.00131646439101
107.20406211623116 0.000809345159687
120.28493607054534 0.000478018443622
134.96191804568377 0.00027141732202
151.42976267524637 0.000145795607759
169.9069882521931 7.55472617058e-05
190.63877633382756 3.83996788468e-05
213.90022515209893 2.02102044062e-05
240.0 1.33364597151e-05
