E(GeV) dN/dE (GeV^-1)
3.1473135294854154e-08 0.0
3.5313438615568887e-08 0.0
3.962232981152777e-08 0.0
4.445698525097307e-08 0.0
4.988155787422207e-08 0.0
5.5968028464208444e-08 0.0
6.279716078773954e-08 0.0
7.045957328161123e-08 0.0
7.905694150420949e-08 0.0
8.870334730839401e-08 0.0
9.952679263837422e-08 0.0
1.1167089803774087e-07 0.0
1.2529680840681786e-07 0.0
1.4058533129758729e-07 0.0
1.5773933612004856e-07 0.0
1.7698644609603434e-07 0.0
1.9858205868107055e-07 0.0
2.2281273453343603e-07 0.0
2.5e-07 0.0
2.8050461357549076e-07 0.0
3.1473135294854153e-07 0.0
3.5313438615568885e-07 0.0
3.9622329811527857e-07 0.0
4.445698525097307e-07 0.0
4.988155787422197e-07 0.0
5.596802846420845e-07 0.0
6.279716078773956e-07 0.0
7.045957328161138e-07 0.0
7.905694150420948e-07 0.0
8.870334730839383e-07 0.0
9.952679263837423e-07 0.0
1.1167089803774087e-06 0.0
1.2529680840681812e-06 0.0
1.4058533129758726e-06 0.0
1.5773933612004824e-06 0.0
1.7698644609603433e-06 0.0
1.9858205868107054e-06 0.0
2.228127345334365e-06 0.0
2.4999999999999998e-06 0.0
2.8050461357549075e-06 0.0
3.1473135294854153e-06 0.0
3.5313438615568887e-06 0.0
3.962232981152785e-06 0.0
4.445698525097306e-06 0.0
4.9881557874221966e-06 0.0
5.596802846420844e-06 0.0
6.2797160787739555e-06 0.0
7.045957328161137e-06 0.0
7.905694150420947e-06 0.0
8.870334730839383e-06 0.0
9.952679263837424e-06 0.0
1.1167089803774087e-05 0.0
1.2529680840681813e-05 0.0
1.4058533129758727e-05 0.0
1.5773933612004823e-05 0.0
1.7698644609603433e-05 0.0
1.9858205868107055e-05 0.0
2.2281273453343647e-05 0.0
2.4999999999999998e-05 0.0
2.8050461357549075e-05 0.0
3.147313529485415e-05 0.0
3.5313438615568886e-05 0.0
3.9622329811527855e-05 0.0
4.4456985250973074e-05 0.0
4.988155787422197e-05 0.0
5.596802846420844e-05 0.0
6.279716078773956e-05 0.0
7.045957328161138e-05 0.0
7.905694150420948e-05 0.0
8.870334730839382e-05 0.0
9.952679263837423e-05 0.0
0.00011167089803774087 0.0
0.00012529680840681813 0.0
0.00014058533129758727 0.0061783754805
0.00015773933612004825 0.00275324147157
0.00017698644609603434 0.00490765808889
0.00019858205868107055 0.00656093231364
0.00022281273453343648 0.00779658277275
0.00025 0.00868588963807
0.00028050461357549076 0.00928956874614
0.00031473135294854155 0.0151787842431
0.00035313438615568887 0.0172175890681
0.0003962232981152785 0.0208256182698
0.00044456985250973074 0.0273528342613
0.0004988155787422196 0.0365673587941
0.0005596802846420844 0.0550937902607
0.0006279716078773955 0.0788404608041
0.0007045957328161137 0.110947317876
0.0007905694150420948 0.153816290662
0.0008870334730839383 0.20808138634
0.0009952679263837423 0.274033682193
0.0011167089803774087 0.348070596846
0.0012529680840681814 0.444703921326
0.0014058533129758727 0.566248112788
0.0015773933612004824 0.714190837725
0.0017698644609603434 0.895156835413
0.0019858205868107056 1.11973244819
0.0022281273453343647 1.39734254745
0.0025 1.70660359609
0.0028050461357549076 2.07467035331
0.0031473135294854187 2.50256755484
0.003531343861556885 2.99881208455
0.003962232981152785 3.579375738
0.0044456985250973064 4.26000855882
0.004988155787422197 5.0308849838
0.00559680284642085 5.91249485763
0.006279716078773949 6.90441877577
0.007045957328161137 8.01785447588
0.007905694150420948 9.26462985854
0.008870334730839383 10.6296295398
0.009952679263837434 12.0815690535
0.011167089803774077 13.6360837051
0.012529680840681814 15.2594102214
0.014058533129758728 16.9465116461
0.015773933612004826 18.6941241381
0.01769864460960345 20.4476838125
0.019858205868107034 22.1922223322
0.022281273453343648 23.9080261581
0.025 25.5540262894
0.028050461357549076 27.1013568948
0.03147313529485419 28.5320713008
0.03531343861556885 29.8353024442
0.03962232981152785 30.9291012083
0.044456985250973066 31.8081811323
0.04988155787422197 32.4715360007
0.055968028464208494 32.9145899992
0.06279716078773949 33.1286163975
0.07045957328161137 33.1011076332
0.07905694150420949 32.7695004919
0.08870334730839383 32.1981073515
0.09952679263837433 31.40706577
0.11167089803774076 30.416773299
0.12529680840681812 29.2470781438
0.14058533129758727 27.9168197033
0.15773933612004826 26.41054866
0.1769864460960345 24.8055099735
0.19858205868107034 23.1312098431
0.22281273453343647 21.4131742469
0.25 19.6769223156
0.2805046135754909 17.950250719
0.3147313529485419 16.2219793075
0.3531343861556885 14.5505537758
0.39622329811527834 12.9516175109
0.44456985250973075 11.4409618139
0.49881557874222 10.0321695613
0.559680284642085 8.73517398769
0.6279716078773948 7.53927605373
0.7045957328161134 6.46587531626
0.7905694150420948 5.51135525403
0.8870334730839388 4.66927091056
0.9952679263837434 3.9324151937
1.1167089803774075 3.29370572089
1.2529680840681805 2.74000213766
1.4058533129758728 2.26561306897
1.5773933612004833 1.8625472062
1.769864460960345 1.52166748551
1.9858205868107035 1.23469419768
2.228127345334364 0.994811216155
2.5 0.793789730317
2.805046135754909 0.628026713998
3.147313529485418 0.492332422239
3.5313438615568864 0.382008493396
3.9622329811527837 0.292992225574
4.445698525097307 0.221835588785
4.988155787422199 0.165216812135
5.596802846420848 0.121099798047
6.2797160787739505 0.0871719610788
7.045957328161134 0.061481024739
7.905694150420948 0.0423850127766
8.870334730839387 0.0284996100383
9.95267926383743 0.01842701969
11.16708980377408 0.0114922799531
12.529680840681806 0.00686202760099
14.058533129758727 0.00392728437418
15.773933612004832 0.00209535442194
17.69864460960345 0.00103961375126
19.85820586810704 0.000476498644165
22.28127345334364 0.000218616180948
25.0 0.000129871421868
