E(GeV) dN/dE (GeV^-1)
3.273206070664832e-07 0.0
3.6725976160191644e-07 0.0
4.1207223003988885e-07 0.0
4.623526466101199e-07 0.0
5.187682018919096e-07 0.0
5.820674960277678e-07 0.0
6.530904721924913e-07 0.0
7.327795621287568e-07 0.0
8.221921916437787e-07 0.0
9.225148120072977e-07 0.0
1.035078643439092e-06 0.0
1.1613773395925051e-06 0.0
1.3030868074309057e-06 0.0
1.4620874454949076e-06 0.0
1.640489095648505e-06 0.264734756881
1.840659039398757e-06 0.471890200854
2.0652534102831336e-06 0.420572584208
2.3172524391477346e-06 0.562253565343
2.6e-06 0.668145356774
2.917247981185104e-06 0.744356470043
3.273206070664832e-06 0.796090082679
3.672597616019164e-06 0.827768705197
4.120722300398897e-06 0.843142440074
4.623526466101199e-06 0.845382927033
5.187682018919084e-06 0.920881288312
5.820674960277678e-06 0.969961096139
6.5309047219249135e-06 0.930977101263
7.327795621287583e-06 0.948267674151
8.221921916437786e-06 0.950787510963
9.225148120072958e-06 0.89446749784
1.0350786434390919e-05 0.881110259378
1.161377339592505e-05 0.822685123616
1.3030868074309086e-05 0.766547019494
1.4620874454949075e-05 0.74259320679
1.6404890956485015e-05 0.661836892204
1.840659039398757e-05 0.613457261111
2.0652534102831337e-05 0.56777298868
2.3172524391477393e-05 0.506028208808
2.6e-05 0.467701749742
2.917247981185104e-05 0.416839623224
3.273206070664832e-05 0.37150870525
3.6725976160191645e-05 0.342932749296
4.1207223003988967e-05 0.316178415028
4.623526466101199e-05 0.291187452645
5.1876820189190846e-05 0.259521090343
5.820674960277678e-05 0.238759654434
6.530904721924913e-05 0.219444602441
7.327795621287583e-05 0.201506880757
8.221921916437786e-05 0.184875349354
9.225148120072958e-05 0.174185775895
0.0001035078643439092 0.163634762456
0.0001161377339592505 0.160797546889
0.00013030868074309084 0.156642217027
0.00014620874454949074 0.154459387012
0.00016404890956485017 0.158840854129
0.00018406590393987572 0.179318276325
0.00020652534102831338 0.199771977499
0.00023172524391477394 0.215530533381
0.00026 0.242202691831
0.0002917247981185104 0.275411893916
0.0003273206070664832 0.315782399462
0.0003672597616019164 0.3594881234
0.0004120722300398897 0.431056572488
0.00046235264661011996 0.514744271127
0.0005187682018919084 0.610293144709
0.0005820674960277678 0.721501830744
0.0006530904721924914 0.8525090313
0.0007327795621287583 1.0057564019
0.0008221921916437786 1.18267402058
0.0009225148120072958 1.40431397161
0.001035078643439092 1.66278093234
0.001161377339592505 1.96285191539
0.0013030868074309085 2.30997277918
0.0014620874454949076 2.68165258836
0.0016404890956485017 3.14743152456
0.001840659039398757 3.69018137068
0.002065253410283134 4.29804152431
0.0023172524391477396 4.98362818534
0.0026000000000000003 5.77143959182
0.0029172479811851036 6.66094830783
0.003273206070664832 7.6249508119
0.003672597616019164 8.69677452215
0.004120722300398897 9.89575203354
0.0046235264661011995 11.2349512374
0.005187682018919084 12.7226447299
0.005820674960277678 14.3672129808
0.006530904721924914 16.1666833569
0.007327795621287583 18.0949622916
0.008221921916437787 20.1423277767
0.00922514812007296 22.3090550953
0.01035078643439092 24.5958572295
0.01161377339592505 26.9845955815
0.013030868074309086 29.402010761
0.014620874454949076 31.8789917004
0.016404890956485015 34.3876947716
0.01840659039398757 36.877629334
0.020652534102831337 39.3009729043
0.023172524391477392 41.6498512002
0.026000000000000002 43.8499621742
0.02917247981185104 45.8996400777
0.03273206070664835 47.7587045359
0.036725976160191603 49.3945787007
0.04120722300398897 50.7835125544
0.04623526466101199 51.9110673945
0.05187682018919085 52.6589723724
0.05820674960277684 53.1158232098
0.06530904721924907 53.2554944036
0.07327795621287583 53.0758278103
0.08221921916437787 52.5817820338
0.09225148120072958 51.7683468444
0.10350786434390931 50.5916182433
0.1161377339592504 49.1466446237
0.13030868074309085 47.476452929
0.14620874454949076 45.6048112604
0.1640489095648502 43.5499661562
0.18406590393987587 41.336274459
0.20652534102831313 38.9553778975
0.23172524391477395 36.5128908451
0.26 34.0272900262
0.2917247981185104 31.5312482346
0.3273206070664835 29.0589876701
0.36725976160191603 26.6374514825
0.4120722300398897 24.2562531421
0.46235264661011993 21.9765360593
0.5187682018919085 19.8100192033
0.5820674960277684 17.7721517286
0.6530904721924906 15.8741364375
0.7327795621287583 14.1188540052
0.8221921916437787 12.4893915616
0.9225148120072958 11.0075651255
1.035078643439093 9.66842581318
1.161377339592504 8.4627315148
1.3030868074309083 7.38135087529
1.4620874454949075 6.41728316106
1.6404890956485019 5.55784916328
1.840659039398759 4.79845915723
2.0652534102831317 4.13012013947
2.3172524391477394 3.54462396063
2.6 3.03362045208
2.9172479811851053 2.58839541467
3.2732060706648354 2.20132189297
3.6725976160191602 1.86645015667
4.120722300398895 1.57756703753
4.623526466101199 1.32924244796
5.187682018919087 1.11659719311
5.8206749602776835 0.935184931735
6.530904721924906 0.780365155283
7.32779562128758 0.648802846119
8.221921916437786 0.537583762964
9.225148120072964 0.443859158437
10.350786434390931 0.365072889268
11.613773395925039 0.299034412658
13.030868074309078 0.243555551082
14.620874454949076 0.197441988785
16.404890956485026 0.159216962798
18.40659039398759 0.127688179586
20.652534102831314 0.101804935279
23.172524391477385 0.0806145855321
26.0 0.0632370849936
29.172479811851055 0.0492012480877
32.73206070664835 0.0379317022144
36.725976160191614 0.0289568274662
41.20722300398895 0.021866171973
46.235264661011996 0.0163001569762
51.87682018919087 0.0119414025315
58.206749602776824 0.00860489048457
65.30904721924908 0.00609107728109
73.2779562128758 0.00422591932982
82.21921916437786 0.00286481256713
92.25148120072963 0.0018905794575
103.50786434390928 0.00120127635729
116.13773395925043 0.000736793057232
130.30868074309078 0.000434912116356
146.20874454949075 0.00024766077521
164.04890956485025 0.000133767825305
184.06590393987585 6.9603804626e-05
206.5253410283132 3.55446919543e-05
231.72524391477384 1.86855601549e-05
260.0 1.23022263816e-05
