E(GeV) dN/dE (GeV^-1)
3.5249911530236655e-07 0.0
3.9551051249437155e-07 0.0
4.437700938891111e-07 0.0
4.979182348108984e-07 0.0
5.586734481912872e-07 0.0
6.268419187991346e-07 0.0
7.03328200822683e-07 0.0
7.891472207540459e-07 0.0
8.854377448471463e-07 0.0
9.93477489854013e-07 0.0
1.1147000775497914e-06 0.0
1.2507140580226978e-06 0.0
1.40332425415636e-06 0.0
1.5745557105329775e-06 0.275820333951
1.7666805645445441e-06 0.49165026278
1.9822481962755845e-06 0.438183757936
2.2241190572279904e-06 0.585797528004
2.495502626774484e-06 0.696123461853
2.8e-06 0.775525860542
3.1416516720454966e-06 0.829425780906
3.524991153023665e-06 0.862430922902
3.955105124943715e-06 0.878448421842
4.43770093889112e-06 0.978647475086
4.979182348108984e-06 0.9594425283
5.58673448191286e-06 1.01057751769
6.2684191879913456e-06 1.03924403158
7.0332820082268295e-06 1.04972418051
7.891472207540474e-06 1.04563444426
8.854377448471462e-06 1.03001980354
9.934774898540108e-06 1.00543527013
1.1147000775497913e-05 0.935055785462
1.2507140580226976e-05 0.9028167915
1.403324254156363e-05 0.86653141334
1.5745557105329773e-05 0.799878968457
1.7666805645445403e-05 0.73747539417
1.9822481962755846e-05 0.679184824801
2.22411905722799e-05 0.624850696537
2.4955026267744884e-05 0.591704942575
2.8e-05 0.527357585168
3.141651672045496e-05 0.497655468543
3.5249911530236655e-05 0.443535903207
3.955105124943715e-05 0.395301789829
4.43770093889112e-05 0.352313091031
4.9791823481089834e-05 0.313999372898
5.5867344819128605e-05 0.279852235669
6.268419187991346e-05 0.256346861123
7.03328200822683e-05 0.240819076704
7.891472207540474e-05 0.225636906394
8.854377448471462e-05 0.210908816916
9.93477489854011e-05 0.192344138633
0.00011147000775497914 0.187011157092
0.00012507140580226978 0.17361861375
0.0001403324254156363 0.173306282668
0.00015745557105329772 0.179283217068
0.00017666805645445404 0.186827099856
0.00019822481962755847 0.20375544744
0.000222411905722799 0.210887110081
0.0002495502626774489 0.234941668375
0.00028 0.266780896026
0.00031416516720454967 0.309652291538
0.0003524991153023665 0.368381208497
0.0003955105124943715 0.430439726703
0.00044377009388911194 0.504003449669
0.0004979182348108985 0.614043218112
0.000558673448191286 0.733834751309
0.0006268419187991345 0.86257254621
0.000703328200822683 1.01946742472
0.0007891472207540474 1.208533284
0.0008854377448471462 1.39886499034
0.0009934774898540109 1.6274937003
0.0011147000775497914 1.92153963912
0.0012507140580226977 2.27822344963
0.001403324254156363 2.67386836116
0.0015745557105329776 3.10297875695
0.0017666805645445403 3.60822127854
0.0019822481962755846 4.18596943957
0.0022241190572279902 4.85255145614
0.002495502626774489 5.60762254696
0.0028000000000000004 6.4502036873
0.0031416516720454966 7.41382234262
0.0035249911530236652 8.46032414925
0.0039551051249437155 9.65930904052
0.0044377009388911195 11.0023463739
0.004979182348108984 12.480166742
0.00558673448191286 14.0909487496
0.006268419187991346 15.8556769068
0.00703328200822683 17.7229255789
0.007891472207540474 19.758473559
0.008854377448471463 21.9160746999
0.009934774898540109 24.180980534
0.011147000775497915 26.5549998973
0.012507140580226977 29.0225736066
0.01403324254156363 31.5264244081
0.015745557105329773 34.058901641
0.017666805645445403 36.58190153
0.019822481962755843 39.0532588812
0.0222411905722799 41.4399419817
0.024955026267744884 43.7355401718
0.028 45.8307399334
0.031416516720454965 47.7723261127
0.03524991153023669 49.5087834827
0.039551051249437114 50.9957207266
0.0443770093889112 52.2086701984
0.049791823481089834 53.1566223941
0.055867344819128605 53.7210726002
0.06268419187991352 53.9551806431
0.07033282008226822 53.8584208238
0.07891472207540474 53.4486282397
0.08854377448471462 52.7419187976
0.0993477489854011 51.73357896
0.11147000775497926 50.3737421534
0.12507140580226966 48.7645899193
0.1403324254156363 46.9349622099
0.15745557105329774 44.9089950606
0.17666805645445405 42.7201943928
0.19822481962755864 40.4215643475
0.22241190572279876 37.9758068206
0.24955026267744887 35.471254669
0.28 32.9494756391
0.3141651672045497 30.4396165069
0.3524991153023669 27.9673855369
0.39551051249437114 25.5608143694
0.4437700938891119 23.2117399066
0.49791823481089836 20.9748833601
0.5586734481912861 18.8634928062
0.6268419187991352 16.8867116034
0.7033282008226822 15.0508125409
0.7891472207540473 13.3599138989
0.8854377448471462 11.8005621582
0.9934774898540109 10.3847890028
1.1147000775497926 9.10829308234
1.2507140580226965 7.96224511682
1.4033242541563629 6.93697761663
1.5745557105329775 6.02387334133
1.7666805645445405 5.21106627886
1.9822481962755865 4.49562491853
2.2241190572279876 3.86668096793
2.4955026267744884 3.31593903654
2.8000000000000003 2.83566098563
3.141651672045498 2.4178369759
3.524991153023669 2.05437624951
3.955105124943711 1.74019611171
4.437700938891117 1.46960653256
4.979182348108984 1.23761867219
5.586734481912863 1.03941994421
6.268419187991352 0.870252351754
7.033282008226823 0.725471543972
7.89147220754047 0.602691256128
8.854377448471462 0.498981125977
9.934774898540114 0.411690159452
11.147000775497926 0.338417571671
12.507140580226963 0.277010442767
14.033242541563622 0.225563883137
15.745557105329775 0.182803181006
17.66680564544541 0.147381360128
19.822481962755866 0.118140782441
22.24119057227988 0.0941145237478
24.955026267744874 0.0745003162974
28.0 0.0584287542644
31.41651672045498 0.0454433676387
35.24991153023669 0.0350213854697
39.55105124943712 0.0267220386325
44.377009388911176 0.0201680650313
49.79182348108984 0.0150367496361
55.86734481912863 0.0110050803363
62.684191879913506 0.00792566296925
70.33282008226824 0.0056028966386
78.91472207540471 0.00387975506203
88.54377448471462 0.00262643768734
99.34774898540113 0.00173488730152
111.47000775497922 0.00110464763248
125.07140580226968 0.000678845307391
140.33242541563624 0.000400609851408
157.45557105329775 0.000227422139952
176.6680564544541 0.000122915023946
198.22481962755862 6.39353921205e-05
222.41190572279882 3.29003418311e-05
249.55026267744876 1.74518151886e-05
280.0 1.14079854086e-05
