E(GeV) dN/dE (GeV^-1)
3.7767762353824986e-08 0.0
4.2376126338682665e-08 0.0
4.7546795773833326e-08 0.0
5.3348382301167685e-08 0.0
5.985786944906649e-08 0.0
6.716163415705014e-08 0.0
7.535659294528747e-08 0.0
8.455148793793349e-08 0.0
9.486832980505139e-08 0.0
1.064440167700728e-07 0.0
1.1943215116604908e-07 0.0
1.3400507764528905e-07 0.0
1.5035617008818143e-07 0.0
1.6870239755710472e-07 0.0
1.8928720334405829e-07 0.0
2.123837353152412e-07 0.0
2.3829847041728466e-07 0.0
2.6737528144012323e-07 0.0
3e-07 0.0
3.366055362905889e-07 0.0
3.776776235382498e-07 0.0
4.237612633868266e-07 0.0
4.754679577383343e-07 0.0
5.334838230116768e-07 0.0
5.985786944906636e-07 0.0
6.716163415705013e-07 0.0
7.535659294528746e-07 0.0
8.455148793793365e-07 0.0
9.486832980505138e-07 0.0
1.0644401677007258e-06 0.0
1.1943215116604906e-06 0.0
1.3400507764528904e-06 0.0
1.5035617008818175e-06 0.0
1.6870239755710471e-06 0.0
1.8928720334405789e-06 0.0
2.123837353152412e-06 0.0
2.3829847041728467e-06 0.0
2.6737528144012377e-06 0.0
3e-06 0.0
3.366055362905889e-06 0.0
3.7767762353824983e-06 0.0
4.237612633868267e-06 0.0
4.754679577383342e-06 0.0
5.334838230116768e-06 0.0
5.9857869449066365e-06 0.0
6.716163415705014e-06 0.0
7.535659294528747e-06 0.0
8.455148793793365e-06 0.0
9.486832980505138e-06 0.0
1.064440167700726e-05 0.0408002718313
1.1943215116604907e-05 0.0
1.3400507764528905e-05 0.0
1.5035617008818174e-05 0.0
1.687023975571047e-05 0.0
1.892872033440579e-05 0.0
2.123837353152412e-05 0.0
2.3829847041728467e-05 0.0
2.673752814401238e-05 0.0
2.9999999999999997e-05 0.0144764827301
3.366055362905889e-05 0.0129021788141
3.7767762353824985e-05 0.0
4.237612633868266e-05 0.0102485649215
4.754679577383342e-05 0.0
5.3348382301167684e-05 0.0
5.985786944906636e-05 0.0
6.716163415705013e-05 0.0
7.535659294528746e-05 0.00576319157925
8.455148793793365e-05 0.0
9.486832980505138e-05 0.0
0.0001064440167700726 0.0
0.00011943215116604907 0.0
0.00013400507764528904 0.0
0.00015035617008818175 0.00288843804447
0.00016870239755710473 0.00772296935062
0.00018928720334405788 0.00917747157189
0.0002123837353152412 0.0122691452222
0.00023829847041728465 0.0127573683876
0.0002673752814401238 0.0146185926989
0.00030000000000000003 0.0188194275491
0.0003366055362905889 0.0258043576282
0.0003776776235382498 0.0321974211217
0.00042376126338682666 0.0440688291624
0.00047546795773833426 0.0584578758451
0.0005334838230116769 0.0765228101359
0.0005985786944906635 0.10375262515
0.0006716163415705014 0.133854631267
0.0007535659294528747 0.176929981483
0.0008455148793793365 0.231140245574
0.0009486832980505138 0.296187916841
0.001064440167700726 0.375362500848
0.0011943215116604908 0.475631709538
0.0013400507764528904 0.617387790495
0.0015035617008818175 0.772368333091
0.0016870239755710473 0.9581630641
0.0018928720334405787 1.17609298194
0.0021238373531524118 1.4381483058
0.0023829847041728467 1.75832986006
0.0026737528144012376 2.12164508703
0.003 2.55727067427
0.003366055362905889 3.06465453371
0.0037767762353825025 3.65084258283
0.0042376126338682625 4.32909630849
0.004754679577383343 5.11287196611
0.005334838230116768 5.99865564945
0.005985786944906636 7.01911903138
0.00671616341570502 8.14696190277
0.007535659294528738 9.38472353573
0.008455148793793365 10.73512893
0.009486832980505138 12.1991425452
0.01064440167700726 13.772335758
0.01194321511660492 15.3977766041
0.01340050776452889 17.1126932002
0.015035617008818176 18.8955551149
0.016870239755710472 20.7158870403
0.01892872033440579 22.5365204034
0.021238373531524142 24.3183660163
0.023829847041728438 26.023555301
0.02673752814401238 27.6599367029
0.03 29.1814767401
0.03366055362905889 30.5675452962
0.03776776235382502 31.8020482894
0.04237612633868262 32.8447238432
0.047546795773833424 33.6303136013
0.05334838230116768 34.1787259105
0.05985786944906637 34.477737391
0.0671616341570502 34.5222345587
0.07535659294528738 34.3164516769
0.08455148793793364 33.8755702492
0.09486832980505139 33.1454650448
0.10644401677007259 32.2004925354
0.1194321511660492 31.0577615516
0.1340050776452889 29.7417833897
0.15035617008818175 28.2815720901
0.16870239755710473 26.7078506352
0.1892872033440579 24.9972781504
0.2123837353152414 23.2300703417
0.2382984704172844 21.435165465
0.2673752814401238 19.6372286654
0.3 17.8577301914
0.3366055362905891 16.1157683587
0.37767762353825024 14.41798333
0.4237612633868262 12.8037381526
0.47546795773833406 11.2896626581
0.5334838230116768 9.88720457828
0.5985786944906639 8.60223462934
0.671616341570502 7.4354708664
0.7535659294528738 6.37748498281
0.8455148793793361 5.44061608277
0.9486832980505138 4.61671035814
1.0644401677007265 3.89633415928
1.194321511660492 3.27072581384
1.340050776452889 2.7323852977
1.5035617008818165 2.26774794766
1.6870239755710474 1.87174786195
1.89287203344058 1.53563534416
2.123837353152414 1.25189716021
2.382984704172844 1.01382223383
2.6737528144012366 0.815303441568
3.0 0.649384325129
3.366055362905891 0.512850511986
3.776776235382502 0.401124211634
4.237612633868263 0.310546992454
4.754679577383341 0.237832031578
5.334838230116769 0.179936468419
5.985786944906639 0.133833848678
6.716163415705019 0.0978434676275
7.53565929452874 0.0702628146172
8.455148793793361 0.0494606738605
9.486832980505138 0.0340374393053
10.644401677007265 0.0228375849551
11.943215116604916 0.0147300376835
13.400507764528895 0.00917013701292
15.035617008818168 0.00547078830936
16.87023975571047 0.00312615502021
18.928720334405796 0.00166245308789
21.238373531524136 0.000824486558933
23.829847041728446 0.000380534074191
26.737528144012366 0.000175098254771
30.0 0.000103608186899
