E(GeV) dN/dE (GeV^-1)
3.7767762353824988e-06 2.98976053273
4.237612633868267e-06 3.07456947645
4.754679577383333e-06 3.10557465427
5.334838230116769e-06 3.17488254819
5.985786944906648e-06 3.26494274947
6.716163415705014e-06 3.29786772687
7.535659294528746e-06 3.22738728438
8.455148793793348e-06 3.23596343804
9.48683298050514e-06 3.15872739753
1.064440167700728e-05 3.18242120284
1.1943215116604907e-05 3.12724212693
1.3400507764528905e-05 3.0788367505
1.5035617008818144e-05 3.00397556625
1.6870239755710473e-05 2.90898512207
1.8928720334405828e-05 2.79912882943
2.123837353152412e-05 2.67876337352
2.3829847041728467e-05 2.55147367753
2.6737528144012324e-05 2.43643211648
3e-05 2.34519020228
3.366055362905889e-05 2.24497911365
3.7767762353824985e-05 2.12732960982
4.237612633868266e-05 2.00871872461
4.754679577383343e-05 1.89988096497
5.3348382301167684e-05 1.79910011064
5.985786944906636e-05 1.69051480139
6.716163415705013e-05 1.59720260498
7.535659294528746e-05 1.53300896008
8.455148793793365e-05 1.46388822197
9.486832980505138e-05 1.40082693282
0.0001064440167700726 1.34232894325
0.00011943215116604907 1.28362380326
0.00013400507764528904 1.22829381941
0.00015035617008818175 1.2015902265
0.0001687023975571047 1.21765483428
0.00018928720334405788 1.23207555853
0.0002123837353152412 1.2534976702
0.00023829847041728465 1.30671901913
0.0002673752814401238 1.38064486601
0.0003 1.44475297646
0.0003366055362905889 1.57148537956
0.0003776776235382498 1.73521101688
0.00042376126338682666 1.93287934419
0.0004754679577383342 2.1656816192
0.0005334838230116768 2.42267960601
0.0005985786944906637 2.73021768139
0.0006716163415705014 3.07219011184
0.0007535659294528747 3.44293064944
0.0008455148793793365 3.85850116612
0.0009486832980505137 4.34668357095
0.001064440167700726 4.93438487528
0.0011943215116604908 5.63121762531
0.0013400507764528904 6.43217610392
0.0015035617008818175 7.28752918619
0.001687023975571047 8.20668466428
0.001892872033440579 9.23506020601
0.002123837353152412 10.3976916043
0.0023829847041728467 11.7136334054
0.0026737528144012376 13.1762248859
0.003 14.7655780902
0.003366055362905889 16.4891135462
0.003776776235382498 18.3646040723
0.004237612633868266 20.3841906575
0.004754679577383342 22.5393474364
0.005334838230116769 24.9065465543
0.005985786944906636 27.4301625697
0.006716163415705013 30.0865119363
0.007535659294528747 32.8736481915
0.008455148793793365 35.7876496803
0.009486832980505138 38.8340355265
0.010644401677007259 41.9708316301
0.011943215116604908 45.1954123044
0.013400507764528904 48.4800116496
0.015035617008818175 51.7797290261
0.016870239755710472 55.0475749915
0.018928720334405787 58.2109584609
0.02123837353152412 61.2426448426
0.023829847041728466 64.1189344621
0.02673752814401238 66.8143104161
0.030000000000000002 69.3044817984
0.03366055362905889 71.5699599476
0.03776776235382499 73.4558174972
0.042376126338682665 75.020704556
0.047546795773833424 76.2505625055
0.05334838230116769 77.124621334
0.05985786944906636 77.6285412559
0.06716163415705013 77.7684350106
0.07535659294528746 77.4058525771
0.08455148793793364 76.650358413
0.09486832980505139 75.5319015377
0.1064440167700726 74.0684952404
0.11943215116604908 72.278474567
0.13400507764528904 70.1917739612
0.15035617008818175 67.7498249861
0.16870239755710473 65.1020006675
0.18928720334405788 62.2686513262
0.21238373531524118 59.2768292288
0.23829847041728466 56.1626649811
0.2673752814401238 52.9723012172
0.3 49.6943313908
0.3366055362905889 46.4195040949
0.37767762353825024 43.1808480453
0.42376126338682624 40.0035298901
0.4754679577383343 36.9103183365
0.5334838230116768 33.9250324431
0.5985786944906636 31.0376718189
0.671616341570502 28.2993088254
0.7535659294528738 25.7184014865
0.8455148793793364 23.2995531279
0.9486832980505138 21.0437921291
1.064440167700726 18.9490167196
1.1943215116604922 17.0040536138
1.340050776452889 15.2185160224
1.5035617008818176 13.5843018822
1.6870239755710472 12.0944871597
1.8928720334405789 10.7413122689
2.123837353152414 9.51529059022
2.382984704172844 8.40334033905
2.673752814401238 7.40527634411
3.0 6.51073064746
3.366055362905889 5.71017920821
3.7767762353825023 4.99579613269
4.237612633868262 4.36161541493
4.754679577383342 3.79784560769
5.334838230116768 3.29992000588
5.9857869449066365 2.86061383557
6.71616341570502 2.47407937994
7.535659294528738 2.13507246769
8.455148793793365 1.83857462427
9.486832980505138 1.57923817369
10.64440167700726 1.35327145375
11.94321511660492 1.15697427891
13.400507764528891 0.987009758463
15.035617008818173 0.840254916953
16.87023975571047 0.713755849142
18.928720334405792 0.604530468871
21.23837353152414 0.510834960943
23.829847041728442 0.430679571461
26.737528144012376 0.362255419146
30.0 0.303973637629
33.66055362905891 0.254464976357
37.76776235382503 0.212353525874
42.37612633868262 0.176811911012
47.5467957738334 0.14685914533
53.34838230116769 0.121677878384
59.8578694490664 0.100558742065
67.1616341570502 0.0828743748848
75.35659294528739 0.0680551318717
84.5514879379336 0.0557283652156
94.86832980505137 0.0454888881862
106.44401677007265 0.0370088045707
119.43215116604921 0.0300061791142
134.0050776452889 0.0242323314191
150.35617008818167 0.019465192647
168.70239755710475 0.0155659562193
189.28720334405799 0.0123866911298
212.3837353152414 0.00980241312671
238.29847041728442 0.00771017984484
267.3752814401237 0.00602584400915
300.0 0.00466674320355
336.6055362905891 0.00358484070848
377.6776235382502 0.00272993884335
423.76126338682633 0.00205880448624
475.467957738334 0.00153567104377
533.4838230116769 0.00113145975809
598.5786944906639 0.000818788872598
671.6163415705018 0.00058280500446
753.565929452874 0.000407546397803
845.5148793793361 0.000279415169975
948.6832980505138 0.000187328557204
1064.4401677007263 0.000122450999828
1194.3215116604915 7.73108798699e-05
1340.0507764528895 4.74296421855e-05
1503.5617008818167 2.82344818847e-05
1687.0239755710472 1.6368318674e-05
1892.8720334405798 9.21509920534e-06
2123.837353152414 5.15160959306e-06
2382.9847041728444 2.95333078174e-06
2673.7528144012367 1.75764212883e-06
3000.0 1.23629162515e-06
