E(GeV) dN/dE (GeV^-1)
3.776776235382499e-07 0.0
4.2376126338682667e-07 0.0
4.7546795773833327e-07 0.0
5.334838230116768e-07 0.0
5.985786944906649e-07 0.0
6.716163415705013e-07 0.0
7.535659294528746e-07 0.0
8.455148793793348e-07 0.0
9.486832980505139e-07 0.0
1.0644401677007282e-06 0.0
1.1943215116604906e-06 0.0
1.3400507764528906e-06 0.0
1.5035617008818143e-06 0.288843804447
1.6870239755710473e-06 0.514864623375
1.892872033440583e-06 0.458873578595
2.123837353152412e-06 0.613457261111
2.3829847041728467e-06 0.728992479293
2.6737528144012326e-06 0.812144038828
3e-06 0.868588963807
3.366055362905889e-06 0.903152516986
3.7767762353824983e-06 0.919926317762
4.237612633868266e-06 1.02485649215
4.754679577383343e-06 1.0960851721
5.334838230116769e-06 1.13970142756
5.985786944906636e-06 1.16086853314
6.716163415705014e-06 1.16395331537
7.535659294528746e-06 1.15263831585
8.455148793793365e-06 1.13001897836
9.486832980505138e-06 1.09868779045
1.064440167700726e-05 1.10160733944
1.1943215116604907e-05 1.05453513583
1.3400507764528903e-05 1.0046730449
1.5035617008818174e-05 0.92430017423
1.6870239755710473e-05 0.849526628568
1.892872033440579e-05 0.780085083611
2.1238373531524117e-05 0.715700137963
2.3829847041728467e-05 0.656093231364
2.673752814401238e-05 0.617229469509
2.9999999999999997e-05 0.535629861014
3.366055362905889e-05 0.477380616121
3.7767762353824985e-05 0.436965000937
4.237612633868266e-05 0.389445467017
4.754679577383342e-05 0.356227680931
5.3348382301167684e-05 0.325628979302
5.985786944906636e-05 0.290217133286
6.716163415705013e-05 0.265122699611
7.535659294528746e-05 0.247817237908
8.455148793793365e-05 0.231140245574
9.486832980505138e-05 0.219737558089
0.0001064440167700726 0.220321467889
0.00011943215116604907 0.225452339384
0.00013400507764528904 0.22362077451
0.00015035617008818175 0.225298167469
0.0001687023975571047 0.226540434285
0.00018928720334405788 0.23173115719
0.00021238373531524122 0.24129318937
0.00023829847041728465 0.264259773744
0.0002673752814401238 0.289123277823
0.0003 0.317034971789
0.0003366055362905889 0.362551224676
0.0003776776235382498 0.43581509304
0.0004237612633868266 0.499105111677
0.0004754679577383342 0.581838545521
0.0005334838230116769 0.674866059603
0.0005985786944906637 0.794469402371
0.0006716163415705013 0.949268592755
0.0007535659294528747 1.14341720932
0.0008455148793793365 1.37810950861
0.0009486832980505137 1.60774646669
0.001064440167700726 1.86579643084
0.0011943215116604908 2.18143319994
0.0013400507764528904 2.56969437839
0.0015035617008818175 3.02159503832
0.0016870239755710473 3.49412876653
0.001892872033440579 4.04061129631
0.0021238373531524118 4.66166172718
0.0023829847041728467 5.39509109113
0.002673752814401238 6.2414893672
0.003 7.18409931964
0.003366055362905889 8.24268595717
0.003776776235382498 9.40567164517
0.004237612633868267 10.7087254865
0.004754679577383342 12.1396913236
0.005334838230116769 13.7071890692
0.0059857869449066355 15.4297566626
0.006716163415705014 17.3094084091
0.007535659294528747 19.291304069
0.008455148793793365 21.4369736645
0.009486832980505138 23.7047842014
0.01064440167700726 26.0749641241
0.011943215116604908 28.5387389278
0.013400507764528904 31.07450487
0.015035617008818175 33.5873352687
0.016870239755710472 36.0962834749
0.018928720334405787 38.5877805206
0.021238373531524118 41.0429286345
0.023829847041728466 43.4241866111
0.026737528144012375 45.6586404056
0.030000000000000002 47.6560165647
0.03366055362905889 49.4704371615
0.03776776235382502 51.0567615676
0.042376126338682624 52.3874150836
0.047546795773833424 53.442482387
0.05334838230116768 54.1973698267
0.05985786944906636 54.5614667909
0.0671616341570502 54.6058998294
0.07535659294528739 54.3292093574
0.08455148793793366 53.731852821
0.09486832980505139 52.8250646121
0.10644401677007259 51.6387212423
0.1194321511660492 50.1026297414
0.1340050776452889 48.3312876301
0.15035617008818175 46.3577408775
0.16870239755710473 44.2121125535
0.1892872033440579 41.9261156317
0.2123837353152414 39.5363348573
0.23829847041728439 37.0237839088
0.2673752814401238 34.4737975758
0.3 31.9263930312
0.3366055362905889 29.4112107439
0.37767762353825024 26.9520656526
0.4237612633868262 24.5701370609
0.4754679577383342 22.2534062171
0.5334838230116768 20.0611205884
0.5985786944906637 18.0004107875
0.671616341570502 16.0813594179
0.7535659294528738 14.3090485778
0.8455148793793364 12.6798823461
0.9486832980505138 11.1836025312
1.064440167700726 9.83043911917
1.194321511660492 8.61226409188
1.340050776452889 7.52020687135
1.5035617008818174 6.54518183392
1.6870239755710472 5.67821127185
1.892872033440579 4.90789314339
2.123837353152414 4.23007961653
2.382984704172844 3.63559283838
2.6737528144012375 3.11569152339
3.0 2.6621991164
3.3660553629058905 2.26757779593
3.7767762353825023 1.92530275133
4.237612633868262 1.62994590813
4.754679577383341 1.37592064892
5.334838230116769 1.15800055508
5.985786944906639 0.971542048749
6.71616341570502 0.812530396477
7.535659294528738 0.677068103358
8.455148793793361 0.562484102223
9.486832980505138 0.46570340312
10.644401677007265 0.384085231763
11.94321511660492 0.315447676953
13.40050776452889 0.258011348604
15.035617008818166 0.209985199829
16.87023975571047 0.170072013135
18.9287203344058 0.137057943568
21.23837353152414 0.109842262711
23.829847041728442 0.0874860411686
26.737528144012366 0.0692109637176
30.0 0.0542580888962
33.66055362905891 0.0421806545228
37.76776235382502 0.0324905096465
42.37612633868263 0.0247764796173
47.5467957738334 0.0186861878905
53.34838230116769 0.0139178791596
59.85786944906639 0.0101868390412
67.16163415705019 0.00733679866401
75.3565929452874 0.00519060696947
84.55148793793362 0.0035982167038
94.86832980505139 0.00243697192079
106.44401677007264 0.00160775919167
119.43215116604917 0.00102052819586
134.00507764528894 0.000626083073655
150.35617008818167 0.000369714292816
168.70239755710472 0.000210607948515
189.28720334405799 0.000114108092789
212.38373531524138 5.94726366072e-05
238.29847041728445 3.06705360851e-05
267.3752814401237 1.64312981936e-05
300.0 1.08124849511e-05
