E(GeV) dN/dE (GeV^-1)
4.1544538589207484e-07 0.0
4.661373897255093e-07 0.0
5.230147535121666e-07 0.0
5.868322053128445e-07 0.0
6.584365639397313e-07 0.0
7.387779757275515e-07 0.0
8.289225223981621e-07 0.0
9.300663673172683e-07 0.0
1.0435516278555653e-06 0.0
1.170884184470801e-06 0.0
1.3137536628265397e-06 0.330575277689
1.4740558540981795e-06 0.294625526364
1.6539178709699959e-06 0.52517055354
1.855726373128152e-06 0.468058748522
2.082159236784641e-06 0.625736698084
2.3362210884676533e-06 0.743584558922
2.621283174590131e-06 0.828400544651
2.9411280958413558e-06 0.885975315085
3.3e-06 1.05283510764
3.702660899196478e-06 1.05563281206
4.1544538589207484e-06 1.1499078972
4.661373897255093e-06 1.21119403618
5.230147535121677e-06 1.16251457647
5.868322053128445e-06 1.25811196548
6.5843656393972995e-06 1.25321034828
7.387779757275514e-06 1.23449594054
8.28922522398162e-06 1.20503096657
9.300663673172702e-06 1.21406997675
1.043551627855565e-05 1.16527492926
1.1708841844707985e-05 1.11273468631
1.3137536628265397e-05 1.09089841637
1.4740558540981794e-05 1.03118934227
1.653917870969999e-05 0.971565524048
1.855726373128152e-05 0.889311622193
2.0821592367846367e-05 0.813457707509
2.336221088467653e-05 0.743584558922
2.6212831745901312e-05 0.695856457507
2.9411280958413615e-05 0.62018272056
3.2999999999999996e-05 0.565898870359
3.702660899196478e-05 0.516087152563
4.154453858920748e-05 0.470416867037
4.661373897255093e-05 0.428576351262
5.230147535121676e-05 0.390272750671
5.868322053128445e-05 0.355231613784
6.5843656393973e-05 0.31660050904
7.387779757275515e-05 0.293927604891
8.289225223981621e-05 0.28292031389
9.3006636731727e-05 0.266161494904
0.00010435516278555652 0.253863466732
0.00011708841844707986 0.241092515367
0.00013137536628265398 0.231402694382
0.00014740558540981795 0.220969144773
0.0001653917870969999 0.22844919079
0.00018557263731281518 0.248071136717
0.00020821592367846367 0.258637835208
0.00023362210884676532 0.275126286801
0.0002621283174590131 0.316449008057
0.00029411280958413613 0.355866751559
0.00033 0.409289648097
0.0003702660899196478 0.469170138694
0.0004154453858920748 0.53209374516
0.0004661373897255093 0.636342712853
0.0005230147535121676 0.742348593829
0.0005868322053128445 0.879198244115
0.00065843656393973 1.0164195509
0.0007387779757275514 1.16748044663
0.0008289225223981621 1.37111566935
0.0009300663673172701 1.63712666865
0.001043551627855565 1.91521258016
0.0011708841844707985 2.2432731276
0.0013137536628265397 2.61518102179
0.0014740558540981795 3.0452494405
0.0016539178709699992 3.5527787947
0.001855726373128152 4.11634266388
0.0020821592367846367 4.78396563575
0.002336221088467653 5.52817940331
0.0026212831745901313 6.36410434423
0.0029411280958413616 7.3063430984
0.0033000000000000004 8.36530134779
0.003702660899196478 9.53658682416
0.0041544538589207486 10.8231422026
0.004661373897255093 12.2551407643
0.005230147535121676 13.8340064967
0.005868322053128446 15.5688395465
0.0065843656393973 17.4597265723
0.007387779757275515 19.4677070547
0.00828922522398162 21.5843574953
0.0093006636731727 23.8418595085
0.010435516278555653 26.2254278562
0.011708841844707987 28.7042894238
0.0131375366282654 31.2482562165
0.014740558540981795 33.8554192345
0.01653917870969999 36.3961837158
0.01855726373128152 38.9319565552
0.020821592367846368 41.4041629966
0.02336221088467653 43.7833184373
0.026212831745901312 46.0482016675
0.029411280958413614 48.1552243395
0.033 50.0519257822
0.03702660899196478 51.6922040825
0.04154453858920752 53.0662946125
0.04661373897255088 54.166404772
0.05230147535121677 54.974907441
0.05868322053128445 55.4521359545
0.065843656393973 55.5355153
0.07387779757275521 55.2975291193
0.08289225223981612 54.7377457667
0.09300663673172702 53.8669774086
0.10435516278555652 52.7020473701
0.11708841844707986 51.2606566507
0.13137536628265412 49.5148411128
0.1474055854098178 47.54970798
0.16539178709699992 45.4045497582
0.1855726373128152 43.1123156141
0.20821592367846367 40.7067335592
0.23362210884676554 38.2274089069
0.2621283174590128 35.6451426573
0.29411280958413616 33.054141297
0.33 30.4872923316
0.3702660899196478 27.9755057829
0.41544538589207525 25.543094378
0.46613738972550883 23.2053392107
0.5230147535121676 20.950521327
0.5868322053128445 18.8335594298
0.65843656393973 16.8552300074
0.7387779757275522 15.0197264755
0.8289225223981612 13.3309610408
0.9300663673172701 11.7903691359
1.0435516278555652 10.3803394025
1.1708841844707987 9.10845631406
1.3137536628265412 7.96703741374
1.474055854098178 6.94667034871
1.653917870969999 6.03770046884
1.855726373128152 5.23101872275
2.082159236784637 4.5168726377
2.3362210884676555 3.88888664102
2.6212831745901286 3.33833092894
2.9411280958413615 2.85747578976
3.3000000000000003 2.43917587111
3.70266089919648 2.07667887067
4.1544538589207525 1.76156429246
4.661373897255088 1.48966133407
5.230147535121675 1.25617820982
5.868322053128446 1.05627876137
6.584365639397304 0.885564009377
7.3877797572755215 0.740244151601
8.289225223981612 0.616333363808
9.300663673172696 0.51156010515
10.435516278555651 0.423155690496
11.708841844707992 0.348760426885
13.137536628265412 0.286344305534
14.740558540981779 0.23415101491
16.539178709699982 0.190437634968
18.55726373128152 0.154170103303
20.821592367846378 0.124151729956
23.362210884676553 0.0994140952935
26.212831745901287 0.0791266330477
29.411280958413602 0.0625590713883
33.0 0.0490160544803
37.0266089919648 0.0380841939825
41.54453858920752 0.0293132848562
46.6137389725509 0.0223396727458
52.301475351216745 0.0168430094044
58.683220531284455 0.0125378554045
65.84365639397303 0.00917247079777
73.8777975727552 0.00660374204171
82.89225223981614 0.00466485824587
93.00663673172697 0.0032278244997
104.35516278555652 0.0021839790809
117.0884184470799 0.00144030894149
131.37536628265408 0.0009162323569
147.40558540981783 0.000562560926294
165.39178709699985 0.000332149368292
185.5726373128152 0.000189409333765
208.21592367846378 0.000102587445862
233.6221088467655 5.33670637938e-05
262.1283174590129 2.75741405293e-05
294.112809584136 1.4739675992e-05
330.0 9.74135683348e-06
