E(GeV) dN/dE (GeV^-1)
4.5321314824589986e-07 0.0
5.08513516064192e-07 0.0
5.705615492859999e-07 0.0
6.401805876140122e-07 0.0
7.182944333887978e-07 0.0
8.059396098846016e-07 0.0
9.042791153434495e-07 0.0
1.0146178552552018e-06 0.0
1.1384199576606167e-06 0.0
1.2773282012408737e-06 0.340002265261
1.4331858139925888e-06 0.606054675762
1.6080609317434687e-06 0.540146798334
1.8042740410581774e-06 0.722109511117
2.024428770685257e-06 0.643580779218
2.2714464401286993e-06 0.764789297658
2.5486048237828946e-06 0.852023973765
2.8595816450074157e-06 1.0631140323
3.208503377281479e-06 1.08285871844
3.6000000000000003e-06 1.20637356084
4.039266435487067e-06 1.18269972462
4.532131482458998e-06 1.2457335553
5.085135160641919e-06 1.28107061519
5.705615492860011e-06 1.29398943928
6.401805876140122e-06 1.35678741376
7.182944333887963e-06 1.3301618609
8.059396098846016e-06 1.34716818908
9.042791153434495e-06 1.29671810533
1.0146178552552039e-05 1.28411247541
1.1384199576606165e-05 1.25891309322
1.2773282012408712e-05 1.22400815494
1.4331858139925888e-05 1.15150388395
1.6080609317434685e-05 1.08029359667
1.804274041058181e-05 1.01095331556
2.0244287706852565e-05 0.943918476187
2.2714464401286947e-05 0.860387959865
2.5486048237828943e-05 0.783862055864
2.859581645007416e-05 0.713805135975
3.2085033772814855e-05 0.649715231063
3.6e-05 0.591123044813
4.0392664354870666e-05 0.53759078392
4.5321314824589984e-05 0.488710856311
5.0851351606419196e-05 0.444104479931
5.7056154928600104e-05 0.403420236952
6.401805876140122e-05 0.366332601714
7.182944333887964e-05 0.338586655501
8.059396098846016e-05 0.32332036538
9.042791153434496e-05 0.30737021756
0.00010146178552552037 0.291065494427
0.00011384199576606164 0.274671947611
0.0001277328201240871 0.265201766903
0.0001433185813992589 0.263633783957
0.00016080609317434686 0.253868995217
0.0001804274041058181 0.250331297187
0.00020244287706852566 0.259577580951
0.00022714464401286946 0.284884013377
0.0002548604823782895 0.315248870293
0.0002859581645007416 0.369052442642
0.0003208503377281485 0.407425592812
0.00035999999999999997 0.464453820924
0.0004039266435487067 0.539741147056
0.0004532131482458998 0.619033751327
0.000508513516064192 0.709713120813
0.000570561549286001 0.831959092431
0.0006401805876140122 0.995881961698
0.0007182944333887964 1.18444867522
0.0008059396098846016 1.39997718209
0.0009042791153434497 1.65163465342
0.0010146178552552039 1.92017618823
0.0011384199576606165 2.24429870527
0.001277328201240871 2.63399754897
0.0014331858139925888 3.07633353417
0.0016080609317434685 3.56307835521
0.001804274041058181 4.10302624217
0.002024428770685257 4.73139136189
0.0022714464401286947 5.46709629431
0.002548604823782894 6.30889671614
0.002859581645007416 7.23919906625
0.0032085033772814853 8.28265097999
0.0036000000000000003 9.47521985892
0.004039266435487067 10.7900921422
0.004532131482458998 12.1915151775
0.00508513516064192 13.7514390069
0.0057056154928600104 15.4807568324
0.006401805876140122 17.3672859323
0.007182944333887963 19.3931553128
0.008059396098846016 21.5696176489
0.009042791153434496 23.8053911107
0.010146178552552038 26.163192434
0.011384199576606167 28.6314223302
0.012773282012408712 31.1815737468
0.01433185813992589 33.7830633692
0.016080609317434685 36.4273650429
0.01804274041058181 38.9973556557
0.020244287706852566 41.5146501227
0.022714464401286945 43.9488464267
0.025486048237828945 46.2687870048
0.028595816450074158 48.4413831883
0.03208503377281485 50.429678019
0.036000000000000004 52.1316841901
0.04039266435487067 53.593070358
0.04532131482459003 54.7696244329
0.05085135160641915 55.6290395844
0.05705615492860011 56.1656801173
0.06401805876140122 56.4146508133
0.07182944333887964 56.2352469469
0.08059396098846024 55.7384264052
0.09042791153434486 54.9326193578
0.10146178552552038 53.8231549302
0.11384199576606166 52.4276799199
0.12773282012408713 50.7892765829
0.14331858139925904 48.8552674015
0.1608060931743467 46.7187360791
0.18042740410581812 44.4230795175
0.20244287706852568 42.0083709722
0.22714464401286946 39.5092349939
0.2548604823782897 36.9536463886
0.2859581645007413 34.3303866342
0.3208503377281485 31.7246120385
0.36 29.1672403257
0.40392664354870667 26.6799220613
0.4532131482459003 24.281229967
0.5085135160641914 21.9903662492
0.5705615492860011 19.800381303
0.6401805876140122 17.7522363709
0.7182944333887964 15.849584163
0.8059396098846023 14.0943656602
0.9042791153434486 12.485738917
1.0146178552552036 11.0197777143
1.1384199576606167 9.68712376305
1.277328201240871 8.4883911538
1.4331858139925904 7.41409442213
1.6080609317434669 6.45609191363
1.8042740410581808 5.60550313413
2.024428770685257 4.85198960431
2.271446440128695 4.18488229661
2.548604823782897 3.59932585978
2.859581645007413 3.086440556
3.208503377281485 2.63923206299
3.6 2.25094709333
4.039266435487069 1.91446926736
4.532131482459003 1.62232216297
5.085135160641914 1.37094139124
5.705615492860009 1.15537120118
6.401805876140123 0.970953299509
7.182944333887968 0.813570224384
8.059396098846024 0.679698890952
9.042791153434486 0.565646303439
10.146178552552033 0.469212387113
11.384199576606164 0.387811344723
12.773282012408718 0.319346787644
14.331858139925904 0.261998466625
16.080609317434668 0.214128990882
18.0427404105818 0.1740625961
20.244287706852568 0.140826179387
22.71446440128696 0.113375998234
25.486048237828967 0.090766250249
28.59581645007413 0.0722070999449
32.08503377281484 0.0570615244185
36.0 0.0446726885272
40.39266435487069 0.0346782396766
45.32131482459002 0.026684111048
50.851351606419165 0.0203331442638
57.05615492860009 0.0153228977325
64.01805876140122 0.0114047140441
71.82944333887967 0.00834085854922
80.59396098846022 0.00600080981543
90.42791153434489 0.00423934129112
101.46178552552033 0.00293346934258
113.84199576606166 0.00198289493869
127.73282012408717 0.00130639070381
143.318581399259 0.00082908885699
160.80609317434673 0.000509258503671
180.427404105818 0.00030098487236
202.44287706852566 0.000171574345201
227.14464401286958 9.31513364547e-05
254.86048237828965 4.90288675463e-05
285.95816450074136 2.54114628407e-05
320.8503377281484 1.3707637802e-05
360.0 9.10812038436e-06
