E(GeV) dN/dE (GeV^-1)
5.035701647176665e-08 0.0
5.6501501784910216e-08 0.0
6.339572769844444e-08 0.0
7.113117640155691e-08 0.0
7.981049259875532e-08 0.0
8.954884554273351e-08 0.0
1.0047545726038328e-07 0.0
1.1273531725057798e-07 0.0
1.2649110640673517e-07 0.0
1.4192535569343042e-07 0.0
1.5924286822139876e-07 0.0
1.786734368603854e-07 0.0
2.0047489345090858e-07 0.0
2.2493653007613965e-07 0.0
2.523829377920777e-07 0.0
2.8317831375365497e-07 0.0
3.177312938897129e-07 0.0
3.5650037525349767e-07 0.0
4e-07 0.0
4.488073817207852e-07 0.0
5.035701647176665e-07 0.0
5.650150178491022e-07 0.0
6.339572769844457e-07 0.0
7.113117640155691e-07 0.0
7.981049259875515e-07 0.0
8.954884554273351e-07 0.0
1.004754572603833e-06 0.0
1.127353172505782e-06 0.0
1.2649110640673517e-06 0.0
1.4192535569343013e-06 0.0
1.5924286822139875e-06 0.0
1.786734368603854e-06 0.0
2.00474893450909e-06 0.0
2.249365300761396e-06 0.0
2.523829377920772e-06 0.0
2.831783137536549e-06 0.0
3.1773129388971288e-06 0.0
3.5650037525349837e-06 0.0
4e-06 0.0
4.488073817207852e-06 0.0
5.0357016471766645e-06 0.0
5.650150178491022e-06 0.0
6.339572769844456e-06 0.0
7.113117640155691e-06 0.0
7.981049259875515e-06 0.0
8.95488455427335e-06 0.0
1.0047545726038329e-05 0.0
1.1273531725057819e-05 0.0
1.2649110640673517e-05 0.0
1.4192535569343013e-05 0.0
1.5924286822139876e-05 0.0
1.786734368603854e-05 0.0
2.00474893450909e-05 0.0
2.249365300761396e-05 0.0
2.523829377920772e-05 0.0
2.8317831375365497e-05 0.0
3.177312938897129e-05 0.0
3.565003752534984e-05 0.0
3.9999999999999996e-05 0.0
4.488073817207852e-05 0.0
5.0357016471766645e-05 0.0
5.650150178491022e-05 0.0
6.339572769844456e-05 0.0
7.113117640155692e-05 0.0
7.981049259875514e-05 0.00544157124912
8.95488455427335e-05 0.00969961096139
0.00010047545726038329 0.00864478736888
0.00011273531725057821 0.00385233742624
0.00012649110640673515 0.00343339934514
0.0001419253556934301 0.00612004077469
0.00015924286822139878 0.00818173812279
0.0001786734368603854 0.0121533029625
0.000200474893450909 0.0173306282668
0.00022493653007613966 0.0173766810389
0.00025238293779207717 0.0154869832776
0.0002831783137536549 0.0199373609861
0.0003177312938897129 0.0273372179735
0.00035650037525349835 0.040201129922
0.0004 0.0553725464427
0.0004488073817207852 0.0754777460624
0.0005035701647176664 0.0991795561337
0.0005650150178491022 0.130669202749
0.0006339572769844457 0.170578254907
0.0007113117640155692 0.220410115365
0.0007981049259875514 0.282961704954
0.0008954884554273352 0.3642203916
0.001004754572603833 0.461631645498
0.001127353172505782 0.58285865259
0.0012649110640673518 0.722387222218
0.0014192535569343013 0.884039889904
0.0015924286822139879 1.0791712584
0.001786734368603854 1.30939686118
0.00200474893450909 1.58900197921
0.0022493653007613964 1.9052565388
0.002523829377920772 2.2851904214
0.002831783137536549 2.7384732136
0.0031773129388971287 3.26297033732
0.0035650037525349837 3.87648531893
0.004 4.55987491274
0.004488073817207852 5.36114559628
0.00503570164717667 6.26728551673
0.005650150178491017 7.28342449699
0.006339572769844457 8.42457913806
0.007113117640155691 9.68833726211
0.007981049259875516 11.0581434296
0.00895488455427336 12.5659914947
0.010047545726038318 14.1873927904
0.01127353172505782 15.9108084677
0.012649110640673518 17.7246494474
0.014192535569343013 19.5900363184
0.015924286822139894 21.4554082388
0.017867343686038522 23.3520612037
0.020047489345090902 25.2358427077
0.022493653007613964 27.0768463878
0.02523829377920772 28.8533511427
0.02831783137536552 30.5401109042
0.031773129388971255 32.0267400249
0.035650037525349836 33.3688626166
0.04 34.5227849524
0.04488073817207852 35.4642060041
0.0503570164717667 36.1829099007
0.05650150178491016 36.6747406614
0.06339572769844457 36.8375866915
0.07113117640155692 36.738934916
0.07981049259875515 36.3779975562
0.0895488455427336 35.7711128178
0.10047545726038318 34.9349429892
0.1127353172505782 33.8711529023
0.12649110640673517 32.5601688806
0.14192535569343012 31.0923683725
0.15924286822139894 29.4871914652
0.17867343686038523 27.7657033208
0.200474893450909 25.9584497523
0.22493653007613965 24.109810923
0.2523829377920772 22.2054362334
0.2831783137536552 20.3066009116
0.31773129388971255 18.4362375705
0.35650037525349837 16.6229211431
0.4 14.8883781122
0.44880738172078544 13.2410948599
0.503570164717667 11.6788429237
0.5650150178491016 10.2379658556
0.6339572769844454 8.92168733121
0.7113117640155692 7.72888828374
0.7981049259875519 6.65766393086
0.8954884554273359 5.70671324626
1.0047545726038318 4.8613853709
1.1273531725057815 4.12180419163
1.2649110640673515 3.47956689278
1.419253556934302 2.92398197899
1.5924286822139893 2.44515607393
1.786734368603852 2.03510461032
2.004748934509089 1.68307414588
2.2493653007613963 1.38451351294
2.523829377920773 1.13257668122
2.831783137536552 0.920735089279
3.1773129388971255 0.743488813678
3.565003752534982 0.596422014377
4.0 0.473805942425
4.488073817207854 0.373284773019
5.035701647176669 0.291338911226
5.6501501784910175 0.225048723918
6.3395727698444535 0.171920890738
7.113117640155692 0.129788954348
7.981049259875519 0.0962932285887
8.954884554273358 0.0702563676097
10.04754572603832 0.0503623700142
11.273531725057815 0.035384952008
12.649110640673518 0.0242994375233
14.192535569343018 0.0162731884199
15.924286822139887 0.0104952882118
17.867343686038527 0.00651300367082
20.047489345090888 0.00387118576253
22.493653007613965 0.00220434783432
25.23829377920773 0.00117067827371
28.317831375365515 0.000583167808843
31.77312938897126 0.000272811766767
35.65003752534982 0.000128473065502
40.0 7.80752904842e-05
