E(GeV) dN/dE (GeV^-1)
5.035701647176665e-06 3.27723750703
5.650150178491022e-06 3.38202642409
6.339572769844444e-06 3.49377148606
7.113117640155692e-06 3.48015971629
7.981049259875532e-06 3.48260559943
8.95488455427335e-06 3.44336189129
1.0047545726038327e-05 3.37146707386
1.1273531725057797e-05 3.31301018656
1.2649110640673518e-05 3.26172937789
1.419253556934304e-05 3.18242120284
1.5924286822139876e-05 3.08178802625
1.7867343686038542e-05 2.98971252878
2.004748934509086e-05 2.90288023469
2.2493653007613965e-05 2.7995763896
2.5238293779207773e-05 2.66720267558
2.8317831375365493e-05 2.56118406514
3.177312938897129e-05 2.43301239964
3.565003752534976e-05 2.2902461895
4e-05 2.17147240952
4.488073817207852e-05 2.08047633377
5.0357016471766645e-05 1.98359112267
5.650150178491021e-05 1.91391949909
6.339572769844456e-05 1.82224159861
7.113117640155692e-05 1.72786877142
7.981049259875514e-05 1.64879608848
8.954884554273352e-05 1.55193775382
0.00010047545726038329 1.46529145902
0.00011273531725057821 1.3945461483
0.00012649110640673515 1.3767931374
0.00014192535569343013 1.38006919469
0.00015924286822139875 1.37180475859
0.0001786734368603854 1.36603125299
0.000200474893450909 1.40378088961
0.00022493653007613963 1.4615719496
0.00025238293779207717 1.53321134448
0.0002831783137536549 1.61952716933
0.0003177312938897129 1.72634531503
0.00035650037525349835 1.8553430567
0.00039999999999999996 2.04444127356
0.0004488073817207852 2.26723537211
0.0005035701647176664 2.53037232779
0.0005650150178491022 2.83167848781
0.0006339572769844457 3.17522173292
0.0007113117640155691 3.60104947485
0.0007981049259875515 4.05723552334
0.0008954884554273351 4.56269699624
0.001004754572603833 5.13889385143
0.001127353172505782 5.80585773508
0.0012649110640673518 6.57358638621
0.0014192535569343013 7.42575147397
0.0015924286822139877 8.38028163457
0.001786734368603854 9.43582442009
0.00200474893450909 10.6208589005
0.002249365300761396 11.9505227732
0.002523829377920772 13.4208476307
0.0028317831375365495 14.9999502201
0.0031773129388971287 16.7321543189
0.0035650037525349837 18.624818028
0.004 20.6698115717
0.004488073817207852 22.8659831696
0.005035701647176665 25.2267944396
0.005650150178491022 27.7894193486
0.006339572769844456 30.4448617401
0.007113117640155692 33.2775314289
0.007981049259875516 36.249407786
0.008954884554273351 39.3484117871
0.01004754572603833 42.5689645294
0.011273531725057821 45.8786421103
0.012649110640673518 49.178913532
0.014192535569343011 52.5148764797
0.015924286822139876 55.8487353334
0.01786734368603854 59.1320900169
0.0200474893450909 62.3272865901
0.022493653007613964 65.4358890886
0.025238293779207718 68.2978199549
0.028317831375365494 70.9385106674
0.03177312938897129 73.3394272569
0.035650037525349836 75.4714207088
0.04 77.2970347726
0.04488073817207852 78.7741688852
0.050357016471766644 79.8152825058
0.05650150178491022 80.4679628538
0.06339572769844457 80.7326534396
0.07113117640155692 80.6094863891
0.07981049259875514 80.10118579
0.08954884554273351 79.2161310454
0.10047545726038329 77.8629341828
0.1127353172505782 76.1532142681
0.1264911064067352 74.1328050381
0.14192535569343012 71.833690951
0.15924286822139877 69.2840847764
0.1786734368603854 66.5172608909
0.200474893450909 63.482860388
0.22493653007613962 60.3273282837
0.25238293779207716 57.0761480405
0.28317831375365493 53.7630002175
0.3177312938897129 50.424560603
0.35650037525349837 47.0962596124
0.4 43.7681099416
0.4488073817207852 40.5154061068
0.503570164717667 37.35888621
0.5650150178491016 34.3236527403
0.6339572769844457 31.4282378441
0.7113117640155691 28.6782952175
0.7981049259875515 26.0666858376
0.895488455427336 23.622043581
1.0047545726038318 21.3438365103
1.127353172505782 19.2314493643
1.2649110640673518 17.2822401481
1.4192535569343012 15.4906393082
1.5924286822139895 13.8393470353
1.7867343686038522 12.3339134409
2.0047489345090903 10.9657375364
2.2493653007613963 9.72622921203
2.523829377920772 8.60691384283
2.831783137536552 7.59949950215
3.177312938897125 6.69123311282
3.5650037525349836 5.87768903894
4.0 5.15104741887
4.4880738172078525 4.50440747412
5.03570164717667 3.93078093344
5.650150178491016 3.42272403907
6.339572769844456 2.97276329274
7.113117640155691 2.57609695211
7.981049259875515 2.22763615606
8.95488455427336 1.9223742866
10.047545726038317 1.6555048767
11.273531725057818 1.42251092057
12.649110640673518 1.2190686426
14.192535569343013 1.04255690202
15.924286822139894 0.88968528526
17.86734368603852 0.757592498514
20.0474893450909 0.643736568472
22.493653007613965 0.545832192313
25.238293779207723 0.461521875679
28.31783137536552 0.389329561877
31.773129388971256 0.327633796353
35.65003752534984 0.275067923258
40.0 0.23042149522
44.880738172078544 0.192595596964
50.3570164717667 0.160521525149
56.50150178491016 0.13348294881
63.39572769844454 0.110714789123
71.13117640155691 0.091580738739
79.81049259875519 0.0755505793262
89.5488455427336 0.0621789632338
100.47545726038318 0.050997675438
112.73531725057815 0.0416987558421
126.49110640673517 0.0339846553683
141.9253556934302 0.0276046213954
159.24286822139894 0.0223451695324
178.6734368603852 0.0180237128925
200.4748934509089 0.0144613087938
224.93653007613963 0.0115487044008
252.3829377920773 0.00917441662104
283.17831375365523 0.00724820151456
317.73129388971256 0.00569422768756
356.5003752534982 0.00444761911709
400.0 0.00344149604899
448.80738172078543 0.00264032477388
503.5701647176669 0.00200699232334
565.0150178491018 0.00151051753636
633.9572769844453 0.00112467997908
711.3117640155692 0.000827362180972
798.104925987552 0.000598731187126
895.4884554273358 0.000425968599961
1004.754572603832 0.000297390194755
1127.3531725057815 0.000203426915364
1264.9110640673518 0.000136116773698
1419.253556934302 8.89015483054e-05
1592.4286822139888 5.61864502106e-05
1786.7343686038525 3.44901015434e-05
2004.748934509089 2.05643068685e-05
2249.365300761396 1.19773600916e-05
2523.829377920773 6.81427264213e-06
2831.7831375365517 3.83625498236e-06
3177.312938897126 2.22702646221e-06
3565.003752534982 1.33126650845e-06
4000.0 9.25155820074e-07
