E(GeV) dN/dE (GeV^-1)
5.035701647176665e-07 0.0
5.650150178491022e-07 0.0
6.339572769844444e-07 0.0
7.113117640155691e-07 0.0
7.981049259875531e-07 0.0
8.954884554273351e-07 0.0
1.0047545726038327e-06 0.0
1.1273531725057796e-06 0.385233742624
1.2649110640673519e-06 0.343339934514
1.4192535569343042e-06 0.612004077469
1.5924286822139875e-06 0.545449208186
1.786734368603854e-06 0.72919817775
2.0047489345090858e-06 0.86653141334
2.2493653007613966e-06 0.965371168828
2.523829377920777e-06 1.03246555184
2.8317831375365495e-06 1.07355020694
3.1773129388971288e-06 1.23017480881
3.5650037525349765e-06 1.34003766407
4e-06 1.41145706619
4.488073817207852e-06 1.45149511658
5.0357016471766645e-06 1.46613256893
5.650150178491022e-06 1.46042050131
6.339572769844457e-06 1.43861178838
7.113117640155692e-06 1.46533040686
7.981049259875515e-06 1.46922423726
8.954884554273352e-06 1.45494164421
1.0047545726038329e-05 1.42638991586
1.127353172505782e-05 1.38684147345
1.2649110640673517e-05 1.30469175115
1.4192535569343013e-05 1.25460835881
1.5924286822139876e-05 1.19998825801
1.786734368603854e-05 1.11810387255
2.00474893450909e-05 1.03983769601
2.249365300761396e-05 0.965371168828
2.523829377920772e-05 0.894803478259
2.8317831375365493e-05 0.8281673025
3.177312938897129e-05 0.751773494271
3.565003752534984e-05 0.682200992616
3.9999999999999996e-05 0.618869636712
4.488073817207852e-05 0.561244778413
5.0357016471766645e-05 0.508834244512
5.650150178491022e-05 0.468871845158
6.339572769844456e-05 0.431583536513
7.11311764015569e-05 0.396860318524
7.981049259875514e-05 0.359143702442
8.95488455427335e-05 0.324936967207
0.00010047545726038329 0.302567557911
0.0001127353172505782 0.292777644394
0.00012649110640673515 0.281538746302
0.00014192535569343013 0.272341814474
0.00015924286822139878 0.275451850134
0.0001786734368603854 0.289248610508
0.000200474893450909 0.307618651736
0.00022493653007613963 0.328226197401
0.00025238293779207717 0.354479839464
0.0002831783137536549 0.389545360805
0.0003177312938897129 0.445596652968
0.00035650037525349835 0.500686799938
0.00039999999999999996 0.567840035089
0.0004488073817207852 0.658978782929
0.0005035701647176664 0.780499985226
0.0005650150178491022 0.925445412411
0.0006339572769844457 1.08375421391
0.0007113117640155692 1.25713137822
0.0007981049259875515 1.46813592301
0.000895488455427335 1.72410584839
0.001004754572603833 2.01553217505
0.001127353172505782 2.31987759808
0.0012649110640673518 2.70174194469
0.001419253556934301 3.16528508867
0.0015924286822139877 3.69950925452
0.001786734368603854 4.29084514394
0.00200474893450909 4.93532966468
0.0022493653007613964 5.6580404205
0.002523829377920772 6.51967580467
0.0028317831375365495 7.4857122287
0.0031773129388971287 8.55176521256
0.0035650037525349837 9.72246053923
0.004 11.0153366654
0.004488073817207852 12.4646659305
0.005035701647176665 14.0644372476
0.005650150178491022 15.8112809896
0.006339572769844456 17.7079410084
0.007113117640155692 19.7394659108
0.007981049259875514 21.8969915379
0.008954884554273351 24.220268057
0.010047545726038328 26.6399496517
0.01127353172505782 29.144627658
0.012649110640673518 31.7269789947
0.014192535569343013 34.3576335073
0.015924286822139876 37.0020742951
0.01786734368603854 39.6479147074
0.020047489345090902 42.1937541504
0.022493653007613964 44.6606767721
0.025238293779207718 47.0214753808
0.028317831375365494 49.2325217246
0.03177312938897129 51.2508321169
0.035650037525349836 53.0562817836
0.04 54.5007979865
0.04488073817207852 55.6907904537
0.0503570164717667 56.5807811168
0.05650150178491016 57.1576070641
0.06339572769844457 57.4179353525
0.0711311764015569 57.3433059938
0.07981049259875515 56.8410425632
0.0895488455427336 56.0281149862
0.10047545726038318 54.9143087377
0.1127353172505782 53.5177732938
0.12649110640673517 51.8658403586
0.14192535569343012 49.9951241119
0.15924286822139894 47.8380228098
0.17867343686038523 45.5252666041
0.20047489345090902 43.0921370921
0.22493653007613965 40.5652247403
0.2523829377920772 37.9755628639
0.2831783137536552 35.3673294098
0.31773129388971255 32.7146168728
0.35650037525349837 30.1031823018
0.4 27.5594918047
0.4488073817207852 25.1088092322
0.503570164717667 22.7699176126
0.5650150178491016 20.5524508278
0.6339572769844456 18.4479923697
0.7113117640155691 16.4923834807
0.7981049259875516 14.6880338614
0.8954884554273359 13.0321872912
1.0047545726038318 11.5206587244
1.127353172505782 10.1497915551
1.2649110640673518 8.9073925535
1.4192535569343012 7.79121460487
1.5924286822139893 6.79409870097
1.7867343686038522 5.90726214749
2.00474893450909 5.12156242971
2.2493653007613963 4.42820022082
2.523829377920772 3.81372177161
2.831783137536552 3.27602756116
3.1773129388971255 2.80650837038
3.5650037525349836 2.39756980601
4.0 2.04248010825
4.488073817207854 1.7352367688
5.03570164717667 1.46930286501
5.650150178491016 1.24074650916
6.3395727698444535 1.04464925173
7.113117640155692 0.876979001214
7.98104925987552 0.734127655542
8.95488455427336 0.612723987949
10.047545726038317 0.509396732371
11.273531725057815 0.4221543519
12.649110640673516 0.348691230734
14.19253556934302 0.286977126981
15.924286822139894 0.23528049776
17.86734368603852 0.19214512962
20.047489345090888 0.156074937238
22.493653007613965 0.126154086505
25.238293779207734 0.101461336206
28.31783137536552 0.0811701956247
31.773129388971256 0.0645564575234
35.65003752534982 0.0509977281063
40.0 0.0399214887996
44.880738172078544 0.0309795699256
50.35701647176669 0.0238198677535
56.50150178491018 0.0181349176171
63.39572769844454 0.0136575089667
71.13117640155691 0.0101587083227
79.81049259875519 0.00742490969642
89.54884554273357 0.0053372060817
100.47545726038321 0.00376834493957
112.73531725057815 0.00260658395869
126.49110640673517 0.00176126176267
141.9253556934302 0.00116004454878
159.24286822139888 0.000736866426061
178.67343686038527 0.000452304615034
200.4748934509089 0.000267225289903
224.93653007613963 0.000152559536552
252.3829377920773 8.30412043343e-05
283.1783137536552 4.34895188833e-05
317.7312938897126 2.25436368018e-05
356.50037525349825 1.21845970145e-05
400.0 8.04204806864e-06
