E(GeV) dN/dE (GeV^-1)
5.665164353073748e-07 0.0
6.3564189508024e-07 0.0
7.132019366074999e-07 0.0
8.002257345175153e-07 0.0
8.978680417359972e-07 0.0
1.007424512355752e-06 0.0
1.130348894179312e-06 0.38421277195
1.2682723190690021e-06 0.684859986887
1.4230249470757708e-06 0.610382105803
1.5966602515510921e-06 0.816005436626
1.791482267490736e-06 0.727265610915
2.0100761646793356e-06 0.864234877334
2.255342551322722e-06 0.962812681489
2.530535963356571e-06 1.02972924675
2.8393080501608743e-06 1.22366287625
3.1857560297286183e-06 1.36323835802
3.57447705625927e-06 1.33648621204
4.0106292216018485e-06 1.40771633397
4.5e-06 1.54415815788
5.049083044358833e-06 1.54826145769
5.665164353073747e-06 1.60987105608
6.3564189508023996e-06 1.5714466213
7.132019366075014e-06 1.58323413747
8.002257345175152e-06 1.62814489651
8.978680417359953e-06 1.59619423307
1.007424512355752e-05 1.55193775382
1.130348894179312e-05 1.49842981061
1.2682723190690048e-05 1.47244897181
1.4230249470757706e-05 1.40387884335
1.596660251551089e-05 1.36000906104
1.7914822674907362e-05 1.28483591262
2.0100761646793355e-05 1.20992882827
2.2553425513227263e-05 1.11686271053
2.5305359633565707e-05 1.02972924675
2.8393080501608683e-05 0.933042943142
3.185756029728618e-05 0.845207781975
3.57447705625927e-05 0.765442103258
4.0106292216018566e-05 0.703858166984
4.4999999999999996e-05 0.636965240125
5.049083044358834e-05 0.584898772905
5.665164353073748e-05 0.544289738009
6.3564189508024e-05 0.498763492846
7.132019366075013e-05 0.450612792973
8.002257345175153e-05 0.407036224127
8.978680417359955e-05 0.386956177715
0.0001007424512355752 0.370740685636
0.00011303488941793121 0.349633622475
0.00012682723190690046 0.33215709364
0.00014230249470757706 0.329606337134
0.00015966602515510888 0.318242120284
0.0001791482267490736 0.324845306209
0.00020100761646793357 0.341372776547
0.00022553425513227262 0.371645695055
0.00025305359633565706 0.408459267877
0.00028393080501608683 0.448166528427
0.00031857560297286183 0.477133425308
0.000357447705625927 0.541884409608
0.00040106292216018566 0.611815175917
0.00045 0.693906072197
0.0005049083044358834 0.805956103253
0.0005665164353073748 0.961323002061
0.0006356418950802399 1.1266589037
0.0007132019366075013 1.33113454789
0.0008002257345175153 1.57550154486
0.0008978680417359954 1.84529727248
0.0010074245123557518 2.14770941376
0.001130348894179312 2.50160935817
0.0012682723190690047 2.90414877439
0.0014230249470757706 3.35404967139
0.0015966602515510887 3.88364187471
0.001791482267490736 4.4777743664
0.0020100761646793357 5.15948221768
0.002255342551322726 5.95153030936
0.002530535963356571 6.79089276077
0.0028393080501608685 7.77071813778
0.003185756029728618 8.88790512281
0.0035744770562592698 10.129714996
0.004010629221601857 11.4895641461
0.0045000000000000005 12.9732447634
0.005049083044358834 14.6071587371
0.005665164353073748 16.3996797878
0.0063564189508023995 18.3395336319
0.007132019366075014 20.4126986281
0.008002257345175153 22.6236703235
0.008978680417359953 24.9792305096
0.010074245123557521 27.4580035846
0.01130348894179312 29.9939926763
0.012682723190690047 32.5999859928
0.014230249470757707 35.276209789
0.01596660251551089 37.9773282235
0.017914822674907363 40.6407417207
0.020100761646793357 43.2338250678
0.022553425513227265 45.7427105787
0.02530535963356571 48.106599193
0.028393080501608683 50.2967811467
0.03185756029728618 52.30129396
0.0357447705625927 54.1041694302
0.040106292216018566 55.6592413281
0.045000000000000005 56.853461673
0.05049083044358833 57.7526898003
0.05665164353073753 58.3200551416
0.06356418950802394 58.550878114
0.07132019366075014 58.4494359893
0.08002257345175152 58.0043823446
0.08978680417359955 57.1695877059
0.10074245123557529 56.0201677716
0.11303488941793108 54.5789226853
0.12682723190690048 52.8799948628
0.14230249470757708 50.9577073762
0.1596660251551089 48.837161057
0.1791482267490738 46.4940274761
0.20100761646793336 44.0172150935
0.22553425513227263 41.4458354825
0.2530535963356571 38.8159820507
0.28393080501608686 36.1608639353
0.3185756029728621 33.51089084
0.3574477056259266 30.8533005746
0.4010629221601857 28.2620570447
0.45 25.763906336
0.5049083044358834 23.3798421159
0.5665164353073754 21.1234293686
0.6356418950802393 19.0004649502
0.7132019366075013 17.0041976969
0.8002257345175152 15.1597108602
0.8978680417359955 13.4656628762
1.007424512355753 11.9185896678
1.1303488941793107 10.5134177116
1.2682723190690046 9.24387918179
1.4230249470757708 8.09680134025
1.596660251551089 7.06984716677
1.791482267490738 6.15518268009
2.010076164679334 5.34387709958
2.255342551322726 4.62671334644
2.530535963356571 3.99469731553
2.8393080501608687 3.43604092074
3.1857560297286214 2.94736768015
3.574477056259266 2.52153116193
4.010629221601857 2.15139695518
4.5 1.83061242849
5.049083044358836 1.55384749902
5.665164353073754 1.31407986438
6.356418950802393 1.10841898612
7.132019366075011 0.932485326118
8.002257345175153 0.782252255755
8.978680417359959 0.654238902043
10.07424512355753 0.545529916848
11.303488941793107 0.453122600501
12.68272319069004 0.375259921177
14.230249470757705 0.309713373923
15.966602515510898 0.254706223377
17.91482267490738 0.208700624513
20.100761646793334 0.17031040289
22.55342551322725 0.138248539872
25.30535963356571 0.111655567359
28.393080501608697 0.089728598432
31.85756029728621 0.0717180069524
35.74477056259266 0.0569761203515
40.106292216018545 0.0449644629956
45.0 0.03518972375
50.490830443588365 0.0273035219947
56.65164353073753 0.0209811045016
63.56418950802395 0.0159592361052
71.3201936607501 0.0120096225498
80.02257345175153 0.00893116169405
89.78680417359959 0.00652419724313
100.74245123557527 0.00468662353682
113.03488941793111 0.00330502131708
126.82723190690042 0.00228280955129
142.30249470757707 0.00154081806878
159.66602515510897 0.00101462659994
179.14822674907373 0.000644621571109
201.00761646793342 0.000395102258871
225.5342551322725 0.000233295289601
253.0535963356571 0.000133027288957
283.93080501608694 7.24286056454e-05
318.57560297286204 3.82361094659e-05
357.4477056259267 1.99537391457e-05
401.0629221601855 1.07874385531e-05
450.0 7.15041736982e-06
