E(GeV) dN/dE (GeV^-1)
6.294627058970832e-07 0.0
7.062687723113777e-07 0.0
7.924465962305555e-07 0.0
8.891397050194615e-07 0.0
9.976311574844415e-07 0.0
1.1193605692841688e-06 0.387984438456
1.255943215754791e-06 0.69158298951
1.4091914656322246e-06 0.616373988198
1.5811388300841898e-06 0.824015842834
1.77406694616788e-06 0.979206523951
1.9905358527674846e-06 0.872718733098
2.2334179607548177e-06 1.1667170844
2.5059361681363574e-06 1.21314397868
2.8117066259517456e-06 1.2356750961
3.1547867224009716e-06 1.37662073578
3.5397289219206866e-06 1.47229742667
3.971641173621411e-06 1.64023307841
4.45625469066872e-06 1.65677383921
5e-06 1.65031903123
5.610092271509815e-06 1.70308760346
6.2946270589708306e-06 1.7248618458
7.062687723113777e-06 1.72175890681
7.92446596230557e-06 1.75373627535
8.891397050194615e-06 1.75839648823
9.976311574844393e-06 1.69777022972
1.119360569284169e-05 1.66833308536
1.2559432157547911e-05 1.59064087587
1.4091914656322276e-05 1.51011627109
1.5811388300841894e-05 1.45576132234
1.7740669461678767e-05 1.37088913353
1.9905358527674844e-05 1.28726013132
2.2334179607548174e-05 1.20560765388
2.5059361681363626e-05 1.12649083734
2.8117066259517454e-05 1.03487789298
3.1547867224009646e-05 0.949868307691
3.5397289219206866e-05 0.871109310777
3.971641173621411e-05 0.798246764826
4.4562546906687294e-05 0.730929634945
4.9999999999999996e-05 0.668813502131
5.610092271509815e-05 0.619304583076
6.29462705897083e-05 0.572654132807
7.062687723113777e-05 0.528825949949
7.924465962305571e-05 0.493238327443
8.891397050194613e-05 0.449367991436
9.976311574844394e-05 0.404852900934
0.00011193605692841689 0.372465060918
0.0001255943215754791 0.35270732465
0.00014091914656322275 0.345169433391
0.00015811388300841897 0.343339934514
0.00017740669461678766 0.342722283383
0.00019905358527674846 0.35781468057
0.00022334179607548174 0.394739280222
0.00025059361681363626 0.44366408363
0.0002811706625951745 0.49272544457
0.0003154786722400965 0.536882086956
0.0003539728921920687 0.5852382271
0.0003971641173621411 0.658280208802
0.00044562546906687297 0.760166820343
0.0005 0.890303687902
0.0005610092271509815 1.03965756884
0.0006294627058970831 1.20533345785
0.0007062687723113777 1.42352566759
0.000792446596230557 1.65837686538
0.0008891397050194615 1.9225134938
0.0009976311574844395 2.22016106964
0.0011193605692841689 2.56962093589
0.0012559432157547912 2.98936747216
0.0014091914656322276 3.46895280558
0.0015811388300841897 4.00883707539
0.0017740669461678764 4.63580848601
0.0019905358527674845 5.33558415448
0.0022334179607548174 6.1145697865
0.0025059361681363623 6.99914753183
0.0028117066259517455 8.0264820461
0.0031547867224009647 9.13415390607
0.0035397289219206867 10.3538089616
0.003971641173621411 11.7203401362
0.0044562546906687294 13.2500000504
0.005 14.9382535762
0.005610092271509815 16.7635686939
0.0062946270589708305 18.7251691925
0.007062687723113778 20.8131135966
0.00792446596230557 23.0531921651
0.008891397050194615 25.4276831728
0.009976311574844392 27.901286553
0.011193605692841689 30.4726857808
0.012559432157547911 33.1388587415
0.014091914656322275 35.838325895
0.0158113883008419 38.5447418755
0.017740669461678765 41.2375936249
0.019905358527674846 43.8949813928
0.022334179607548174 46.4829225709
0.025059361681363624 48.8729609538
0.028117066259517452 51.0888323888
0.031547867224009644 53.108665132
0.035397289219206866 54.928803661
0.03971641173621411 56.5249797107
0.044562546906687296 57.8067494128
0.05 58.7338901878
0.05610092271509815 59.3212893926
0.06294627058970838 59.5630672482
0.0706268772311377 59.4689069816
0.07924465962305571 59.0520873654
0.08891397050194613 58.3174051407
0.09976311574844393 57.1590001012
0.111936056928417 55.7267674728
0.12559432157547898 54.0389946243
0.14091914656322274 52.1134160126
0.15811388300841897 49.9735861707
0.17740669461678765 47.6537562445
0.19905358527674868 45.1343096295
0.22334179607548152 42.5289397617
0.2505936168136363 39.8624709641
0.28117066259517454 37.1668224363
0.3154786722400965 34.4750723842
0.353972892192069 31.8170025626
0.39716411736214063 29.184729493
0.44562546906687295 26.6364744094
0.5 24.1966988189
0.5610092271509816 21.8829524895
0.6294627058970838 19.7079285476
0.706268772311377 17.6808553582
0.792446596230557 15.7841427343
0.8891397050194614 14.0358573066
0.9976311574844394 12.4385015845
1.11936056928417 10.9869371204
1.2559432157547896 9.673646046
1.4091914656322273 8.49163619746
1.5811388300841898 7.42718879255
1.7740669461678766 6.47734589123
1.9905358527674868 5.63159594888
2.233417960754815 4.88215175183
2.5059361681363623 4.22103395616
2.8117066259517456 3.63892337227
3.1547867224009654 3.12767336367
3.53972892192069 2.68088859396
3.971641173621407 2.29152425406
4.45625469066873 1.95328528881
5.0 1.66044356477
5.610092271509818 1.40773931246
6.294627058970837 1.18946610876
7.06268772311377 1.00242057979
7.924465962305567 0.842475944407
8.891397050194614 0.706056512793
9.976311574844399 0.590014160012
11.1936056928417 0.491556535116
12.559432157547898 0.408103744535
14.091914656322269 0.337675527624
15.811388300841896 0.27847708797
17.740669461678774 0.228820882596
19.905358527674867 0.187282843785
22.33417960754815 0.152720894023
25.05936168136361 0.123862346835
28.117066259517454 0.10001770471
31.547867224009664 0.0803657006357
35.397289219206904 0.0642128658506
39.71641173621407 0.05098930242
44.562546906687274 0.0402292463486
50.0 0.0314613258899
56.10092271509818 0.0243876029183
62.94627058970836 0.0187320410421
70.62687723113773 0.0142475549539
79.24465962305567 0.0107206775381
88.91397050194615 0.00797106527175
99.763115748444 0.00581653904075
111.93605692841697 0.00417411894159
125.594321575479 0.00293985013011
140.91914656322268 0.00202885045581
158.11388300841898 0.00136926987276
177.40669461678775 0.000900909170296
199.0535852767486 0.000571923130955
223.34179607548157 0.000350460422341
250.59361681363612 0.000206641746139
281.1706625951745 0.00011785251229
315.4786722400966 6.42537728427e-05
353.97289219206897 3.41413504099e-05
397.16411736214076 1.79343084793e-05
445.62546906687277 9.74865218448e-06
500.0 6.48401661482e-06
