E(GeV) dN/dE (GeV^-1)
6.294627058970831e-08 0.0
7.062687723113777e-08 0.0
7.924465962305555e-08 0.0
8.891397050194613e-08 0.0
9.976311574844413e-08 0.0
1.1193605692841689e-07 0.0
1.255943215754791e-07 0.0
1.4091914656322245e-07 0.0
1.5811388300841899e-07 0.0
1.7740669461678803e-07 0.0
1.9905358527674843e-07 0.0
2.2334179607548174e-07 0.0
2.505936168136357e-07 0.0
2.8117066259517457e-07 0.0
3.154786722400971e-07 0.0
3.539728921920687e-07 0.0
3.971641173621411e-07 0.0
4.4562546906687206e-07 0.0
5e-07 0.0
5.610092271509815e-07 0.0
6.294627058970831e-07 0.0
7.062687723113777e-07 0.0
7.924465962305571e-07 0.0
8.891397050194615e-07 0.0
9.976311574844394e-07 0.0
1.119360569284169e-06 0.0
1.2559432157547911e-06 0.0
1.4091914656322276e-06 0.0
1.5811388300841896e-06 0.0
1.7740669461678767e-06 0.0
1.9905358527674846e-06 0.0
2.2334179607548173e-06 0.0
2.5059361681363625e-06 0.0
2.811706625951745e-06 0.0
3.154786722400965e-06 0.0
3.5397289219206866e-06 0.0
3.971641173621411e-06 0.0
4.45625469066873e-06 0.0
4.9999999999999996e-06 0.0
5.610092271509815e-06 0.0
6.2946270589708306e-06 0.0
7.0626877231137775e-06 0.0
7.92446596230557e-06 0.0
8.891397050194613e-06 0.0
9.976311574844393e-06 0.0
1.1193605692841688e-05 0.0
1.2559432157547911e-05 0.0
1.4091914656322274e-05 0.0
1.5811388300841894e-05 0.0
1.7740669461678767e-05 0.0
1.9905358527674847e-05 0.0
2.2334179607548174e-05 0.01944528474
2.5059361681363626e-05 0.0346612565336
2.8117066259517454e-05 0.0308918774025
3.1547867224009646e-05 0.0275324147157
3.5397289219206866e-05 0.0122691452222
3.971641173621411e-05 0.0
4.4562546906687294e-05 0.0
4.9999999999999996e-05 0.0
5.610092271509815e-05 0.0
6.29462705897083e-05 0.0
7.062687723113777e-05 0.0122982779058
7.924465962305571e-05 0.010960851721
8.891397050194615e-05 0.00976886937905
9.976311574844394e-05 0.00870651399859
0.00011193605692841688 0.00775968876912
0.0001255943215754791 0.00345791494755
0.00014091914656322275 0.00616373988198
0.00015811388300841897 0.00824015842834
0.00017740669461678763 0.0146880978593
0.00019905358527674846 0.017454374662
0.00022334179607548174 0.01944528474
0.00025059361681363626 0.0225298167469
0.00028117066259517455 0.0262580957921
0.0003154786722400965 0.0344155183946
0.0003539728921920687 0.0515304099333
0.0003971641173621411 0.0743572328879
0.00044562546906687297 0.0994064303526
0.0005 0.125076810788
0.0005610092271509815 0.165663975973
0.0006294627058970831 0.216642647833
0.0007062687723113777 0.277941080671
0.000792446596230557 0.352391382829
0.0008891397050194615 0.446437330623
0.0009976311574844392 0.566794061308
0.0011193605692841689 0.703803771359
0.001255943215754791 0.865861902867
0.0014091914656322274 1.03273461723
0.0015811388300841897 1.23904515568
0.0017740669461678766 1.49916518817
0.0019905358527674845 1.8093641134
0.0022334179607548174 2.17728853234
0.0025059361681363627 2.59370182641
0.0028117066259517455 3.08131031151
0.0031547867224009647 3.64240080481
0.0035397289219206867 4.28279052272
0.003971641173621411 5.01506731167
0.0044562546906687294 5.86507684809
0.005 6.8083477339
0.005610092271509815 7.88815988771
0.0062946270589708374 9.09623143003
0.00706268772311377 10.4328136216
0.00792446596230557 11.8991006283
0.008891397050194613 13.4784021484
0.009976311574844394 15.1428480046
0.0111936056928417 16.9203893455
0.012559432157547897 18.7740230456
0.014091914656322275 20.6916747838
0.015811388300841896 22.6659291169
0.017740669461678765 24.65446186
0.019905358527674867 26.5773181204
0.022334179607548153 28.4713775653
0.025059361681363627 30.2954633057
0.028117066259517456 32.0238021283
0.03154786722400965 33.6341346988
0.0353972892192069 35.0899884493
0.03971641173621407 36.2715675516
0.044562546906687296 37.2348128031
0.05 37.9674133503
0.05610092271509815 38.454076929
0.06294627058970838 38.6823589054
0.0706268772311377 38.6491031218
0.0792446596230557 38.2633523617
0.08891397050194613 37.6298997632
0.09976311574844395 36.7583535917
0.11193605692841699 35.66684297
0.12559432157547898 34.3757445445
0.14091914656322274 32.9023424314
0.15811388300841897 31.2267670441
0.17740669461678765 29.4373422699
0.19905358527674866 27.5591485131
0.22334179607548152 25.6272732732
0.25059361681363623 23.6751303796
0.28117066259517454 21.7265493054
0.3154786722400965 19.7695994516
0.353972892192069 17.8684088927
0.3971641173621407 16.0400437562
0.44562546906687295 14.3042257104
0.5 12.6765964432
0.5610092271509818 11.1652851797
0.6294627058970838 9.76365430226
0.706268772311377 8.4921711945
0.7924465962305567 7.34853478725
0.8891397050194615 6.32780614335
0.99763115748444 5.42325796757
1.11936056928417 4.62702714404
1.2559432157547896 3.92622797631
1.4091914656322269 3.31810944857
1.5811388300841895 2.79189312331
1.7740669461678775 2.33882229757
1.9905358527674868 1.95081436566
2.233417960754815 1.61995886493
2.505936168136361 1.33676369672
2.8117066259517456 1.09742390486
3.1547867224009667 0.895908354062
3.53972892192069 0.726932376825
3.971641173621407 0.585959051909
4.456254690668728 0.469107521075
5.0 0.372080755064
5.610092271509818 0.292721820259
6.294627058970836 0.228119119616
7.062687723113773 0.175956627275
7.924465962305567 0.134227521847
8.891397050194614 0.101140084186
9.976311574844399 0.0748767604415
11.193605692841697 0.0545453354585
12.559432157547901 0.039020460855
14.091914656322269 0.0273512875393
15.811388300841896 0.0187334508429
17.740669461678774 0.0124933043565
19.90535852767486 0.00802331785477
22.33417960754816 0.00496401173371
25.05936168136361 0.00294750660248
28.117066259517454 0.0016801628741
31.547867224009664 0.000894831010674
35.3972892192069 0.000448290028129
39.71641173621408 0.000212442988316
44.56254690668728 0.000102271674522
50.0 6.2851097421e-05
