E(GeV) dN/dE (GeV^-1)
6.294627058970831e-06 3.58771263927
7.0626877231137775e-06 3.62799198221
7.924465962305555e-06 3.67188532652
8.891397050194615e-06 3.61448167025
9.976311574844413e-06 3.56967073942
1.1193605692841688e-05 3.4918599461
1.255943215754791e-05 3.35417749912
1.4091914656322247e-05 3.23596343804
1.5811388300841898e-05 3.15872739753
1.77406694616788e-05 3.08450055044
1.9905358527674844e-05 2.98906166086
2.2334179607548174e-05 2.89734742626
2.5059361681363575e-05 2.79023115096
2.8117066259517454e-05 2.68759333402
3.1547867224009714e-05 2.57428077592
3.5397289219206866e-05 2.44155989922
3.971641173621411e-05 2.29632630977
4.4562546906687206e-05 2.1732974479
5e-05 2.0759276235
5.610092271509815e-05 1.98177466584
6.29462705897083e-05 1.90424747777
7.062687723113777e-05 1.83859254692
7.924465962305571e-05 1.76469712708
8.891397050194613e-05 1.69001440258
9.976311574844394e-05 1.61941160374
0.00011193605692841689 1.55193775382
0.0001255943215754791 1.52148257692
0.00014091914656322275 1.51319814103
0.00015811388300841897 1.50245555343
0.00017740669461678766 1.49084193272
0.00019905358527674846 1.4923490336
0.00022334179607548174 1.53617749446
0.00025059361681363626 1.62041374295
0.00028117066259517455 1.71604378971
0.0003154786722400965 1.84880164816
0.00035397289219206863 2.02318204714
0.0003971641173621411 2.22196907689
0.00044562546906687297 2.41499151386
0.0005 2.7238949905
0.0005610092271509815 3.02375462687
0.0006294627058970831 3.38900855463
0.0007062687723113777 3.83091356765
0.000792446596230557 4.32350796133
0.0008891397050194614 4.86685072464
0.0009976311574844395 5.50512880131
0.0011193605692841689 6.24810139689
0.0012559432157547912 7.07178185923
0.0014091914656322274 7.97896127722
0.0015811388300841897 8.98781546974
0.0017740669461678766 10.0958640636
0.0019905358527674845 11.3047621092
0.0022334179607548174 12.6450742136
0.0025059361681363623 14.131567595
0.002811706625951745 15.779879896
0.0031547867224009647 17.585228603
0.0035397289219206867 19.4903960257
0.003971641173621411 21.5578020473
0.0044562546906687294 23.8328865916
0.005 26.2667382778
0.005610092271509815 28.8746117075
0.0062946270589708305 31.6852981406
0.007062687723113777 34.649045189
0.00792446596230557 37.666528505
0.008891397050194615 40.8194649221
0.009976311574844394 44.0869572718
0.011193605692841687 47.4258598113
0.012559432157547911 50.8011967106
0.014091914656322275 54.2315728955
0.015811388300841896 57.618016852
0.017740669461678765 60.9415789825
0.019905358527674846 64.1800410836
0.022334179607548174 67.2998776965
0.025059361681363624 70.2604639997
0.028117066259517456 73.0202427238
0.03154786722400965 75.4582404395
0.035397289219206866 77.602809758
0.03971641173621411 79.4402277188
0.044562546906687296 80.9485858903
0.05 82.0981776418
0.05610092271509815 82.852711466
0.06294627058970831 83.1143170919
0.07062687723113778 82.9684441057
0.0792446596230557 82.4399472161
0.08891397050194615 81.5317897693
0.09976311574844393 80.2429985783
0.11193605692841689 78.5862596487
0.12559432157547912 76.5322956608
0.14091914656322274 74.1892602886
0.15811388300841897 71.588150727
0.17740669461678768 68.763213862
0.19905358527674846 65.7518686122
0.22334179607548174 62.5943268539
0.25059361681363623 59.2635772585
0.28117066259517454 55.8740768741
0.31547867224009646 52.4548294772
0.3539728921920687 49.0401758812
0.3971641173621411 45.6649768158
0.44562546906687295 42.360936358
0.5 39.1075015095
0.5610092271509816 35.9780739819
0.6294627058970838 32.9877013035
0.7062687723113771 30.1454477954
0.7924465962305571 27.4598792899
0.8891397050194614 24.9420863524
0.9976311574844394 22.5759254995
1.11936056928417 20.3762024334
1.2559432157547898 18.3415983329
1.4091914656322275 16.4669429933
1.5811388300841898 14.7459013928
1.7740669461678766 13.1725138257
1.9905358527674868 11.7332410438
2.233417960754815 10.4270999231
2.5059361681363628 9.24528967407
2.8117066259517456 8.17895045161
3.154786722400965 7.21947971675
3.53972892192069 6.35870093914
3.9716411736214066 5.58528493738
4.45625469066873 4.89486794379
5.0 4.28087197732
5.610092271509815 3.73620687696
6.294627058970837 3.25410621275
7.06268772311377 2.8285269926
7.92446596230557 2.45185319904
8.891397050194614 2.12097252007
9.976311574844395 1.83102242522
11.1936056928417 1.57742697348
12.559432157547898 1.35608327794
14.091914656322274 1.16341120354
15.811388300841896 0.995644911438
17.740669461678767 0.850243188734
19.905358527674867 0.724579266292
22.33417960754815 0.616194413925
25.059361681363622 0.522869838063
28.117066259517454 0.442648660976
31.54786722400965 0.373764533898
35.397289219206904 0.314914248442
39.71641173621407 0.264754438881
44.562546906687295 0.222070759063
50.0 0.185819920967
56.10092271509818 0.155128877332
62.94627058970838 0.129126731691
70.6268772311377 0.107238806543
79.24465962305567 0.0888526483197
88.91397050194615 0.0734340173773
99.763115748444 0.0605300143107
111.93605692841699 0.0497619412742
125.59432157547897 0.0407589656319
140.91914656322268 0.0332876747939
158.11388300841895 0.0271039630842
177.40669461678775 0.0219972699005
199.05358527674866 0.0177899284694
223.3417960754815 0.0143337182966
250.5936168136361 0.0114888270229
281.1706625951746 0.00916422062327
315.47867224009667 0.00727337152765
353.972892192069 0.00574168513514
397.1641173621407 0.00450563497427
445.62546906687277 0.00351175045652
500.0 0.00271395312122
561.0092271509818 0.0020813085243
629.4627058970837 0.00158110082046
706.2687723113772 0.00118904116682
792.4465962305567 0.00088471829968
889.1397050194614 0.000650296050599
997.6311574844399 0.000469135270414
1119.3605692841697 0.000333152149707
1255.9432157547901 0.000232502939452
1409.191465632227 0.000159090749159
1581.1388300841897 0.000106451310672
1774.0669461678774 6.94761716841e-05
1990.535852767486 4.38957886577e-05
2233.417960754816 2.69219967225e-05
2505.936168136361 1.60823031128e-05
2811.7066259517455 9.39746356522e-06
3154.786722400966 5.35532998635e-06
3539.7289219206896 3.0586979039e-06
3971.6411736214072 1.77582567956e-06
4456.254690668728 1.06939878457e-06
5000.0 7.51503171485e-07
