E(GeV) dN/dE (GeV^-1)
6.924089764867914e-07 0.0
7.768956495425155e-07 0.0
8.71691255853611e-07 0.0
9.780536755214076e-07 0.44403951723
1.0973942732328855e-06 0.395750636299
1.2312966262125858e-06 0.705426251738
1.3815375373302701e-06 0.628711808645
1.550110612195447e-06 0.840509983907
1.7392527130926088e-06 0.998807082223
1.951473640784668e-06 1.11273468631
2.189589438044233e-06 1.19007099968
2.4567597568302994e-06 1.23742721073
2.756529784949993e-06 1.41796049456
3.09287728854692e-06 1.54459387012
3.4702653946410685e-06 1.62691541502
3.893701814112756e-06 1.67306525757
4.368805290983552e-06 1.68993711109
4.901880159735593e-06 1.77195063017
5.5e-06 1.81614056069
6.171101498660797e-06 1.82976354091
6.924089764867913e-06 1.81894521921
7.768956495425155e-06 1.84474168587
8.716912558536128e-06 1.79359391798
9.780536755214075e-06 1.77615806892
1.0973942732328833e-05 1.74130279972
1.2312966262125858e-05 1.69302300417
1.3815375373302702e-05 1.63465070248
1.5501106121954502e-05 1.5409349705
1.7392527130926086e-05 1.47324044628
1.9514736407846642e-05 1.40204570475
2.189589438044233e-05 1.30907809965
2.456759756830299e-05 1.21974967915
2.756529784949999e-05 1.13436839565
3.09287728854692e-05 1.05313218418
3.4702653946410614e-05 0.97614924901
3.8937018141127554e-05 0.892301470707
4.368805290983552e-05 0.825086942473
4.901880159735602e-05 0.753079017823
5.4999999999999995e-05 0.686974907738
6.171101498660796e-05 0.626342135157
6.924089764867914e-05 0.570772465339
7.768956495425155e-05 0.519881747836
8.716912558536128e-05 0.468327300805
9.780536755214074e-05 0.430718331713
0.00010973942732328833 0.411580661751
0.00012312966262125857 0.395038700973
0.00013815375373302702 0.392944880403
0.00015501106121954501 0.395039692436
0.00017392527130926085 0.4045168683
0.0001951473640784664 0.420613711424
0.0002189589438044233 0.418508301554
0.0002456759756830299 0.438402783229
0.00027565297849499985 0.486833103131
0.000309287728854692 0.551841264508
0.00034702653946410615 0.623233751291
0.00038937018141127554 0.702687408181
0.0004368805290983552 0.795264522865
0.0004901880159735603 0.936475908045
0.0005499999999999999 1.08573620476
0.0006171101498660796 1.2428316974
0.0006924089764867913 1.43633950069
0.0007768956495425155 1.67591987098
0.0008716912558536128 1.94206363674
0.0009780536755214077 2.26504557739
0.0010973942732328834 2.62897147694
0.0012312966262125857 3.04179799749
0.0013815375373302703 3.52864502602
0.0015501106121954503 4.10841280134
0.0017392527130926086 4.73609348213
0.001951473640784664 5.44283044461
0.002189589438044233 6.23676541898
0.002456759756830299 7.1298788129
0.002756529784949999 8.1286948618
0.0030928772885469203 9.21574911728
0.0034702653946410613 10.4629433287
0.0038937018141127554 11.8489827672
0.004368805290983552 13.3537836438
0.004901880159735602 15.0039033634
0.0055000000000000005 16.8325434549
0.006171101498660797 18.7949088391
0.006924089764867913 20.9101551843
0.007768956495425155 23.1801855057
0.008716912558536127 25.5709695563
0.009780536755214076 28.0668054011
0.010973942732328832 30.6650546542
0.012312966262125859 33.3621469792
0.013815375373302703 36.0399927985
0.015501106121954503 38.7575123269
0.017392527130926087 41.4941168116
0.019514736407846643 44.1952847051
0.021895894380442333 46.8051948996
0.02456759756830299 49.3140375896
0.027565297849499987 51.5818421356
0.030928772885469198 53.6739068152
0.03470265394641061 55.5405520134
0.03893701814112755 57.1600402959
0.043688052909835524 58.5111598151
0.049018801597356026 59.5402522582
0.055 60.1725111894
0.061711014986607964 60.4819260005
0.0692408976486792 60.4487367644
0.07768956495425147 60.065678122
0.08716912558536129 59.3429828897
0.09780536755214075 58.3121263989
0.10973942732328833 56.9184870052
0.1231296626212587 55.2432595021
0.13815375373302688 53.3244906884
0.15501106121954503 51.1953398449
0.17392527130926086 48.8868024128
0.19514736407846642 46.4300431868
0.21895894380442354 43.7927840457
0.24567597568302968 41.0935576078
0.27565297849499987 38.3659619177
0.309287728854692 35.6363249511
0.34702653946410617 32.9305926482
0.3893701814112759 30.2785806893
0.43688052909835473 27.6747739647
0.49018801597356026 25.1786255068
0.55 22.806932867
0.6171101498660797 20.5706359438
0.6924089764867921 18.4774526881
0.7768956495425147 16.5334487255
0.8716912558536127 14.726717383
0.9780536755214075 13.0746472283
1.0973942732328834 11.56811324
1.2312966262125868 10.2017160844
1.3815375373302687 8.96940636476
1.5501106121954502 7.86243521442
1.7392527130926088 6.86698946244
1.9514736407846642 5.98000956828
2.1895894380442353 5.19346349555
2.4567597568302966 4.49801662176
2.7565297849499983 3.88474304037
3.0928772885469202 3.34589685436
3.4702653946410615 2.87232004124
3.893701814112759 2.45915418808
4.3688052909835475 2.09974258598
4.901880159735603 1.78809894785
5.5 1.51879555315
6.1711014986608 1.2868905737
6.924089764867921 1.08677103329
7.768956495425147 0.915177132977
8.716912558536125 0.768586879967
9.780536755214076 0.643693538209
10.973942732328839 0.537556479199
12.312966262125869 0.447637292768
13.815375373302686 0.371262684872
15.501106121954495 0.306951080202
17.392527130926084 0.252913509639
19.51473640784665 0.207675571999
21.895894380442353 0.169946641189
24.567597568302965 0.138566816217
27.56529784949997 0.112377040136
30.9287728854692 0.0906766890295
34.702653946410635 0.0727604880469
38.93701814112759 0.0580705447166
43.68805290983548 0.0460965935137
49.018801597356 0.0363545529148
55.0 0.0284008929469
61.711014986608 0.0220082058561
69.2408976486792 0.0168988164757
77.6895649542515 0.0128441593311
87.16912558536124 0.00965464203917
97.80536755214077 0.00717168224278
109.73942732328838 0.00523204898974
123.12966262125867 0.00375722366635
138.15375373302692 0.00264792666312
155.01106121954496 0.00182705577582
173.92527130926086 0.00123167645643
195.1473640784665 0.000809523386166
218.95894380442346 0.000513499768748
245.67597568302972 0.000314937599402
275.65297849499973 0.000186078955701
309.287728854692 0.000106355117192
347.0265394641063 5.81021553638e-05
389.37018141127584 3.09818224398e-05
436.8805290983548 1.63188280092e-05
490.1880159735601 8.92442934886e-06
550.0 5.98694683962e-06
