E(GeV) dN/dE (GeV^-1)
6.294627058970831e-09 0.0
7.062687723113777e-09 0.0
7.924465962305555e-09 0.0
8.891397050194614e-09 0.0
9.976311574844415e-09 0.0
1.1193605692841689e-08 0.0
1.255943215754791e-08 0.0
1.4091914656322247e-08 0.0
1.5811388300841896e-08 0.0
1.7740669461678802e-08 0.0
1.9905358527674845e-08 0.0
2.2334179607548176e-08 0.0
2.5059361681363572e-08 0.0
2.8117066259517456e-08 0.0
3.1547867224009714e-08 0.0
3.539728921920687e-08 0.0
3.971641173621411e-08 0.0
4.456254690668721e-08 0.0
5e-08 0.0
5.610092271509815e-08 0.0
6.294627058970831e-08 0.0
7.062687723113777e-08 0.0
7.924465962305572e-08 0.0
8.891397050194613e-08 0.0
9.976311574844394e-08 0.0
1.1193605692841689e-07 0.0
1.2559432157547911e-07 0.0
1.4091914656322275e-07 0.0
1.5811388300841896e-07 0.0
1.7740669461678766e-07 0.0
1.9905358527674843e-07 0.0
2.2334179607548174e-07 0.0
2.5059361681363625e-07 0.0
2.811706625951745e-07 0.0
3.154786722400965e-07 0.0
3.5397289219206863e-07 0.0
3.971641173621411e-07 0.0
4.4562546906687296e-07 0.0
5e-07 0.0
5.610092271509815e-07 0.0
6.294627058970831e-07 0.0
7.062687723113777e-07 0.0
7.92446596230557e-07 0.0
8.891397050194613e-07 0.0
9.976311574844394e-07 0.0
1.1193605692841688e-06 0.0
1.2559432157547911e-06 0.0
1.4091914656322274e-06 0.0
1.5811388300841896e-06 0.0
1.7740669461678767e-06 0.0
1.9905358527674846e-06 0.0
2.2334179607548173e-06 0.0
2.5059361681363625e-06 0.0
2.811706625951745e-06 0.0
3.154786722400965e-06 0.0
3.539728921920687e-06 0.0
3.971641173621411e-06 0.0
4.45625469066873e-06 0.0
4.9999999999999996e-06 0.0
5.610092271509815e-06 0.0
6.2946270589708306e-06 0.0
7.0626877231137775e-06 0.0
7.92446596230557e-06 0.0
8.891397050194615e-06 0.0
9.976311574844393e-06 0.0
1.1193605692841688e-05 0.0
1.2559432157547911e-05 0.0
1.4091914656322276e-05 0.0
1.5811388300841894e-05 0.0
1.7740669461678763e-05 0.0
1.9905358527674847e-05 0.0
2.2334179607548174e-05 0.0
2.5059361681363626e-05 0.0
2.8117066259517457e-05 0.0
3.1547867224009646e-05 0.0
3.5397289219206866e-05 0.0
3.971641173621411e-05 0.0
4.4562546906687294e-05 0.0
5e-05 0.0
5.610092271509815e-05 0.0
6.29462705897083e-05 0.0
7.062687723113777e-05 0.0
7.924465962305571e-05 0.0
8.891397050194615e-05 0.0
9.976311574844392e-05 0.0
0.0001119360569284169 0.0
0.0001255943215754791 0.0
0.00014091914656322275 0.0
0.00015811388300841897 0.0
0.00017740669461678766 0.00244801630988
0.00019905358527674849 0.00436359366549
0.00022334179607548174 0.001944528474
0.00025059361681363626 0.00173306282668
0.00028117066259517455 0.00308918774025
0.0003154786722400965 0.00412986220735
0.00035397289219206863 0.00368074356666
0.0003971641173621411 0.00218697743788
0.00044562546906687297 0.00292371853978
0.0005 0.00347435585523
0.0005610092271509815 0.00464478437307
0.0006294627058970837 0.00551955790657
0.0007062687723113771 0.00676405284818
0.0007924465962305571 0.00876868137677
0.0008891397050194614 0.0112341997859
0.0009976311574844395 0.0117537938981
0.00111936056928417 0.0159073619767
0.0012559432157547897 0.0242054046329
0.0014091914656322274 0.0385233742624
0.0015811388300841897 0.0598784845793
0.0017740669461678766 0.0895973969415
0.0019905358527674867 0.13461686458
0.0022334179607548152 0.200286432822
0.0025059361681363627 0.290807942317
0.0028117066259517455 0.410553050679
0.003154786722400965 0.567718391437
0.00353972892192069 0.777986498541
0.003971641173621407 1.03586186345
0.0044562546906687294 1.36362232695
0.005 1.77643814878
0.005610092271509815 2.28066654025
0.0062946270589708374 2.8741717909
0.00706268772311377 3.56151979013
0.00792446596230557 4.34175777945
0.008891397050194615 5.22448903261
0.009976311574844394 6.19485884027
0.0111936056928417 7.25433903803
0.012559432157547897 8.40546507536
0.014091914656322275 9.60933211341
0.015811388300841896 10.8642368798
0.017740669461678765 12.1352330108
0.019905358527674867 13.414210559
0.022334179607548153 14.6876652585
0.025059361681363624 15.9378869874
0.028117066259517456 17.1467527954
0.03154786722400965 18.2156107704
0.0353972892192069 19.1871395632
0.03971641173621407 20.0336099917
0.044562546906687296 20.7372241645
0.05 21.283365444
0.05610092271509818 21.6516933203
0.06294627058970838 21.7904763743
0.0706268772311377 21.7293660463
0.07924465962305567 21.4725715818
0.08891397050194615 21.0310911668
0.09976311574844399 20.4205365407
0.11193605692841699 19.6589037873
0.12559432157547898 18.715826337
0.14091914656322269 17.6607173342
0.15811388300841894 16.5172986877
0.17740669461678776 15.3123909786
0.19905358527674866 14.0707546801
0.2233417960754815 12.8117514163
0.2505936168136361 11.5170204889
0.28117066259517454 10.2453760932
0.3154786722400966 9.01478023897
0.353972892192069 7.8400512773
0.3971641173621407 6.73638913953
0.4456254690668727 5.72000778158
0.5 4.77761018842
0.5610092271509818 3.9355962452
0.6294627058970836 3.19550527344
0.7062687723113772 2.55716186262
0.7924465962305567 2.01668875227
0.8891397050194615 1.56660964859
0.9976311574844399 1.1945132603
1.1193605692841697 0.895687683148
1.25594321575479 0.659601079952
1.4091914656322269 0.476289747339
1.5811388300841898 0.336549494625
1.7740669461678773 0.232105728801
1.990535852767486 0.154372816721
2.233417960754816 0.0991921475344
2.505936168136361 0.0612852609022
2.8117066259517456 0.0363473829518
3.1547867224009662 0.0200488290718
3.5397289219206893 0.0101903839472
3.9716411736214075 0.0046173654646
4.456254690668728 0.00194680671836
5.0 0.0010438702167
