E(GeV) dN/dE (GeV^-1)
7.553552470764997e-08 0.0
8.475225267736533e-08 0.0
9.509359154766665e-08 0.0
1.0669676460233537e-07 0.0
1.1971573889813298e-07 0.0
1.3432326831410028e-07 0.0
1.5071318589057493e-07 0.0
1.6910297587586697e-07 0.0
1.8973665961010278e-07 0.0
2.128880335401456e-07 0.0
2.3886430233209816e-07 0.0
2.680101552905781e-07 0.0
3.0071234017636286e-07 0.0
3.3740479511420944e-07 0.0
3.7857440668811657e-07 0.0
4.247674706304824e-07 0.0
4.765969408345693e-07 0.0
5.347505628802465e-07 0.0
6e-07 0.0
6.732110725811778e-07 0.0
7.553552470764996e-07 0.0
8.475225267736532e-07 0.0
9.509359154766686e-07 0.0
1.0669676460233536e-06 0.0
1.1971573889813272e-06 0.0
1.3432326831410026e-06 0.0
1.5071318589057492e-06 0.0
1.691029758758673e-06 0.0
1.8973665961010275e-06 0.0
2.1288803354014517e-06 0.0
2.3886430233209812e-06 0.0
2.6801015529057807e-06 0.0
3.007123401763635e-06 0.0
3.3740479511420942e-06 0.0
3.7857440668811578e-06 0.0
4.247674706304824e-06 0.0
4.765969408345693e-06 0.0
5.347505628802475e-06 0.0
6e-06 0.0
6.732110725811778e-06 0.0
7.553552470764997e-06 0.0
8.475225267736533e-06 0.0
9.509359154766684e-06 0.0
1.0669676460233536e-05 0.0
1.1971573889813273e-05 0.0
1.3432326831410027e-05 0.0
1.5071318589057494e-05 0.0
1.691029758758673e-05 0.0
1.8973665961010275e-05 0.0
2.128880335401452e-05 0.0
2.3886430233209815e-05 0.0
2.680101552905781e-05 0.0
3.0071234017636348e-05 0.0
3.374047951142094e-05 0.0
3.785744066881158e-05 0.0
4.247674706304824e-05 0.0204485753704
4.7659694083456934e-05 0.0273372179735
5.347505628802476e-05 0.00812144038828
5.9999999999999995e-05 0.0
6.732110725811778e-05 0.0
7.553552470764997e-05 0.0
8.475225267736532e-05 0.00512428246075
9.509359154766684e-05 0.0137010646512
0.00010669676460233537 0.0162814489651
0.00011971573889813272 0.0145108566643
0.00013432326831410026 0.00969961096139
0.00015071318589057492 0.0115263831585
0.0001691029758758673 0.015409349705
0.00018973665961010276 0.0183114631741
0.0002128880335401452 0.0244801630988
0.00023886430233209814 0.0290906244366
0.0002680101552905781 0.034029248295
0.0003007123401763635 0.0447707896893
0.00033740479511420947 0.061783754805
0.00037857440668811576 0.0883331638795
0.0004247674706304824 0.118601737148
0.0004765969408345693 0.157644623647
0.0005347505628802476 0.203848153746
0.0006000000000000001 0.257681392596
0.0006732110725811778 0.312877836242
0.0007553552470764996 0.389243823203
0.0008475225267736533 0.489368975001
0.0009509359154766685 0.598736525258
0.0010669676460233538 0.716383754464
0.001197157388981327 0.860131028777
0.0013432326831410027 1.05305443004
0.0015071318589057494 1.28980227544
0.001691029758758673 1.54170543798
0.0018973665961010276 1.84785552756
0.002128880335401452 2.22157480121
0.0023886430233209816 2.65324676502
0.002680101552905781 3.13636238452
0.003007123401763635 3.67423761447
0.0033740479511420946 4.32357567479
0.0037857440668811575 5.08122185417
0.0042476747063048235 5.94532104606
0.004765969408345693 6.91804750443
0.005347505628802475 8.0087960101
0.006 9.19683709602
0.006732110725811778 10.5121792106
0.007553552470765005 11.9613419467
0.008475225267736525 13.5378930759
0.009509359154766686 15.2282766577
0.010669676460233537 17.0275463639
0.011971573889813273 18.9062314251
0.01343232683141004 20.8582697356
0.015071318589057477 22.8648286396
0.01691029758758673 24.9044112174
0.018973665961010275 26.9515210688
0.02128880335401452 28.9745986429
0.02388643023320984 30.8921886263
0.02680101552905778 32.7026747656
0.030071234017636353 34.3943937427
0.033740479511420944 35.9289524723
0.03785744066881158 37.2674176856
0.042476747063048284 38.4048885989
0.047659694083456876 39.2510418261
0.05347505628802476 39.8378172862
0.06 40.1598042774
0.06732110725811778 40.2056986585
0.07553552470765004 39.9722128935
0.08475225267736523 39.4779793815
0.09509359154766685 38.6641943627
0.10669676460233536 37.6197368828
0.11971573889813274 36.3571654076
0.1343232683141004 34.9064846469
0.15071318589057475 33.2971131007
0.16910297587586728 31.5435244013
0.18973665961010278 29.6306620901
0.21288803354014518 27.6549668909
0.2388643023320984 25.6450581518
0.2680101552905778 23.6213297842
0.3007123401763635 21.6067889296
0.33740479511420945 19.6331692136
0.3785744066881158 17.7014371896
0.4247674706304828 15.8604262716
0.4765969408345688 14.1235613469
0.5347505628802476 12.5016580473
0.6 11.0014696426
0.6732110725811782 9.62525892474
0.7553552470765005 8.36931140327
0.8475225267736524 7.24269260057
0.9509359154766681 6.23927120044
1.0669676460233537 5.35140455544
1.1971573889813278 4.57065176118
1.343232683141004 3.88825524054
1.5071318589057476 3.2916396665
1.6910297587586722 2.77571698105
1.8973665961010275 2.33108680056
2.128880335401453 1.94919993852
2.388643023320984 1.62253430518
2.680101552905778 1.34455215351
3.007123401763633 1.10753531825
3.374047951142095 0.907907643077
3.78574406688116 0.740065342201
4.247674706304828 0.599554683688
4.765969408345688 0.482571151518
5.347505628802473 0.385727892456
6.0 0.30548360716
6.732110725811782 0.239939497013
7.553552470765004 0.186699333667
8.475225267736526 0.143806120722
9.509359154766681 0.109565724218
10.669676460233537 0.0824827973441
11.971573889813278 0.0609868813773
13.432326831410037 0.0443730689214
15.07131858905748 0.0317143822053
16.910297587586722 0.0222024074289
18.973665961010276 0.0151789898369
21.28880335401453 0.0101120413713
23.886430233209833 0.00648575471814
26.80101552905779 0.0040117080815
30.071234017636336 0.00238092503787
33.74047951142094 0.00135670689744
37.85744066881159 0.000724607267959
42.47674706304827 0.000362123821234
47.65969408345689 0.000172780329999
53.47505628802473 8.41787296245e-05
60.0 5.21660055179e-05
