E(GeV) dN/dE (GeV^-1)
7.5535524707649975e-06 3.79469606077
8.475225267736533e-06 3.79196902095
9.509359154766665e-06 3.69928745583
1.0669676460233537e-05 3.62262239473
1.1971573889813297e-05 3.48260559943
1.3432326831410027e-05 3.39486383649
1.5071318589057493e-05 3.31383515807
1.6910297587586696e-05 3.21028118853
1.897366596101028e-05 3.13583806856
2.128880335401456e-05 3.01922011551
2.3886430233209815e-05 2.92724408393
2.680101552905781e-05 2.8195662873
3.0071234017636287e-05 2.7151317618
3.3740479511420946e-05 2.57432311687
3.7857440668811656e-05 2.44350180602
4.247674706304824e-05 2.32091330454
4.7659694083456934e-05 2.22342706184
5.347505628802465e-05 2.13593882212
6e-05 2.03394582358
6.732110725811778e-05 1.93532682211
7.553552470764997e-05 1.83410309604
8.475225267736532e-05 1.76787744896
9.509359154766685e-05 1.7309011676
0.00010669676460233537 1.68105960565
0.00011971573889813272 1.61796051807
0.00013432326831410026 1.60043580863
0.00015071318589057492 1.61369364219
0.0001691029758758673 1.60257236932
0.00018973665961010276 1.58851943035
0.0002128880335401452 1.5952906286
0.00023886430233209814 1.64725660872
0.0002680101552905781 1.76141870937
0.0003007123401763635 1.90925754739
0.0003374047951142094 2.06846862441
0.00037857440668811576 2.27371858194
0.0004247674706304824 2.52948877331
0.0004765969408345693 2.81208848887
0.0005347505628802476 3.08208662735
0.0006 3.4540887794
0.0006732110725811778 3.88549114986
0.0007553552470764996 4.37022496332
0.0008475225267736533 4.91521173635
0.0009509359154766684 5.53523011909
0.0010669676460233536 6.24800604035
0.0011971573889813273 7.07150322394
0.0013432326831410027 7.97631341392
0.0015071318589057494 8.98913806574
0.001691029758758673 10.1049378915
0.0018973665961010274 11.3139664154
0.002128880335401452 12.6627723656
0.0023886430233209816 14.1060437893
0.002680101552905781 15.7441988778
0.003007123401763635 17.545961323
0.003374047951142094 19.4739820822
0.003785744066881158 21.5263331638
0.004247674706304824 23.8019372453
0.004765969408345693 26.2546641417
0.005347505628802475 28.834443169
0.006 31.5632924437
0.006732110725811778 34.4649451571
0.007553552470764996 37.5368459561
0.008475225267736532 40.7085809388
0.009509359154766684 43.997087159
0.010669676460233538 47.4074276169
0.011971573889813273 50.8690051824
0.013432326831410026 54.3468878847
0.015071318589057494 57.8239453359
0.01691029758758673 61.2704765211
0.018973665961010275 64.5573609815
0.021288803354014518 67.7640086768
0.023886430233209816 70.8132525406
0.02680101552905781 73.6678454702
0.03007123401763635 76.3049221006
0.033740479511420944 78.681650359
0.037857440668811575 80.6587441861
0.04247674706304824 82.3009865063
0.04765969408345693 83.5904511577
0.05347505628802476 84.4983651539
0.060000000000000005 85.0055446791
0.06732110725811778 85.1239761886
0.07553552470764997 84.7256450813
0.08475225267736533 83.9324466691
0.09509359154766685 82.7709311421
0.10669676460233538 81.2476622034
0.11971573889813272 79.3718755756
0.13432326831410027 77.176108868
0.15071318589057492 74.6085290563
0.16910297587586728 71.7917134042
0.18973665961010278 68.7858463466
0.2128880335401452 65.6231347733
0.23886430233209816 62.3294864641
0.2680101552905781 58.9415748397
0.3007123401763635 55.4544981131
0.33740479511420945 51.9633955969
0.37857440668811576 48.4979550376
0.42476747063048237 45.0907312861
0.4765969408345693 41.7694547835
0.5347505628802476 38.5521291134
0.6 35.4290091522
0.6732110725811778 32.4475578973
0.7553552470765005 29.6251392507
0.8475225267736525 26.9681224151
0.9509359154766686 24.4779754689
1.0669676460233537 22.1551986296
1.1971573889813272 19.9887177521
1.343232683141004 17.9871341298
1.5071318589057476 16.1436554388
1.691029758758673 14.4539897986
1.8973665961010275 12.9119096114
2.128880335401452 11.5071756584
2.3886430233209843 10.2264513878
2.680101552905778 9.06787604296
3.0071234017636352 8.02388317395
3.3740479511420944 7.0849878529
3.7857440668811577 6.24206967921
4.247674706304828 5.48749942573
4.765969408345688 4.8115498339
5.347505628802476 4.20994362105
6.0 3.67592495311
6.732110725811778 3.20310852418
7.553552470765005 2.78548859405
8.475225267736525 2.41745060725
9.509359154766685 2.092604205
10.669676460233536 1.80778455411
11.971573889813273 1.55864140573
13.43232683141004 1.34106261808
15.071318589057476 1.15140585733
16.91029758758673 0.986560809022
18.973665961010276 0.843269522346
21.28880335401452 0.719246633171
23.88643023320984 0.61221764576
26.801015529057782 0.520046607206
30.071234017636346 0.44082861954
33.74047951142094 0.372913923874
37.857440668811584 0.314607155564
42.47674706304828 0.264837791519
47.659694083456884 0.222423979733
53.47505628802475 0.186373429134
60.0 0.155812337949
67.32110725811782 0.129953177076
75.53552470765005 0.108058794194
84.75225267736523 0.0896627216494
95.0935915476668 0.0742264265852
106.69676460233538 0.061295772228
119.7157388981328 0.0504840394105
134.3232683141004 0.0414603016153
150.71318589057478 0.0339375218306
169.1029758758672 0.0276954810472
189.73665961010275 0.0225286869893
212.8880335401453 0.0182652984123
238.86430233209842 0.0147579192288
268.0101552905778 0.0118790385643
300.71234017636334 0.00951137229789
337.4047951142095 0.00758233536591
378.57440668811597 0.00601420246699
424.7674706304828 0.00474443244814
476.59694083456884 0.00372075301082
534.7505628802473 0.00289878084493
600.0 0.00223862664143
673.2110725811782 0.00171488148511
755.3552470765004 0.00130193032084
847.5225267736527 0.00097848737259
950.935915476668 0.000727262559133
1066.9676460233538 0.000534239114529
1197.1573889813278 0.00038524329201
1343.2326831410037 0.000273242567268
1507.131858905748 0.000190391932533
1691.0297587586722 0.000130069807215
1897.3665961010277 8.69396226445e-05
2128.8803354014526 5.67641941907e-05
2388.643023320983 3.59100122537e-05
2680.101552905779 2.20712084001e-05
3007.1234017636334 1.31929407681e-05
3374.0479511420945 7.72065245982e-06
3785.7440668811596 4.41906728026e-06
4247.674706304828 2.52805737304e-06
4765.969408345689 1.49033399986e-06
5347.505628802473 9.02779313561e-07
6000.0 6.33635649097e-07
