E(GeV) dN/dE (GeV^-1)
7.553552470764998e-07 0.0
8.475225267736533e-07 0.0
9.509359154766665e-07 0.45670215504
1.0669676460233536e-06 0.407036224127
1.1971573889813298e-06 0.725542833216
1.3432326831410026e-06 0.64664073076
1.5071318589057492e-06 0.864478736888
1.6910297587586696e-06 1.02728998033
1.8973665961010277e-06 1.14446644838
2.1288803354014563e-06 1.22400815494
2.3886430233209812e-06 1.45453122183
2.680101552905781e-06 1.4583963555
3.0071234017636286e-06 1.58864092446
3.3740479511420946e-06 1.67331002597
3.785744066881166e-06 1.72077591973
4.247674706304824e-06 1.84037178333
4.765969408345693e-06 1.91360525814
5.347505628802465e-06 1.94914569319
6e-06 1.95432516856
6.732110725811778e-06 1.93532682211
7.553552470764997e-06 1.89734803038
8.475225267736532e-06 1.89598451048
9.509359154766686e-06 1.87247883566
1.0669676460233537e-05 1.87236663099
1.1971573889813271e-05 1.81385708304
1.3432326831410027e-05 1.77826200959
1.5071318589057493e-05 1.67132555798
1.691029758758673e-05 1.61798171902
1.8973665961010275e-05 1.53358504083
2.128880335401452e-05 1.42800951409
2.3886430233209815e-05 1.32725973992
2.6801015529057806e-05 1.24773910415
3.0071234017636348e-05 1.15537521779
3.3740479511420946e-05 1.08121570909
3.785744066881158e-05 0.998050033443
4.2476747063048235e-05 0.920185891666
4.7659694083456934e-05 0.847453757178
5.347505628802476e-05 0.763415396499
5.9999999999999995e-05 0.68763292968
6.732110725811778e-05 0.63220676189
7.553552470764997e-05 0.592202567059
8.475225267736532e-05 0.55342250576
9.509359154766684e-05 0.516073435195
0.00010669676460233537 0.48030274447
0.00011971573889813272 0.457091984926
0.00013432326831410026 0.44294890057
0.00015071318589057492 0.435120964233
0.0001691029758758673 0.431461791739
0.00018973665961010276 0.430319384591
0.0002128880335401452 0.436562908595
0.00023886430233209814 0.483631631258
0.0002680101552905781 0.539606651535
0.0003007123401763635 0.586352923027
0.0003374047951142094 0.64229361766
0.00037857440668811576 0.736492093644
0.00042476747063048244 0.838391590185
0.0004765969408345693 0.947690223081
0.0005347505628802476 1.08421229184
0.0006 1.25149193202
0.0006732110725811778 1.45085000764
0.0007553552470764996 1.67829057597
0.0008475225267736532 1.92877991822
0.0009509359154766684 2.28259737089
0.0010669676460233538 2.65387618131
0.0011971573889813273 3.07376221292
0.0013432326831410025 3.55296749516
0.0015071318589057494 4.08783178716
0.001691029758758673 4.68033315038
0.0018973665961010274 5.40348388939
0.002128880335401452 6.20062131156
0.0023886430233209816 7.0961123821
0.002680101552905781 8.09896109421
0.003007123401763635 9.21339525234
0.0033740479511420946 10.463722457
0.003785744066881158 11.8493777017
0.0042476747063048235 13.3658023193
0.004765969408345693 15.0276332163
0.005347505628802476 16.8488214439
0.006 18.827968674
0.006732110725811778 20.9235278937
0.007553552470764996 23.1351119746
0.008475225267736534 25.4871048604
0.009509359154766684 27.9746967942
0.010669676460233538 30.5917436076
0.011971573889813271 33.3110862815
0.013432326831410027 36.0546178968
0.015071318589057494 38.7820721985
0.01691029758758673 41.5335136805
0.018973665961010275 44.2697933697
0.02128880335401452 46.933531894
0.023886430233209816 49.4692613935
0.02680101552905781 51.8509813945
0.03007123401763635 53.9799678221
0.033740479511420944 55.9158169491
0.037857440668811575 57.6145031116
0.042476747063048235 59.0333500868
0.04765969408345693 60.142963918
0.05347505628802475 60.9398126972
0.060000000000000005 61.3311174021
0.06732110725811778 61.3671298273
0.07553552470765004 61.0606555477
0.08475225267736525 60.4151979751
0.09509359154766685 59.441584885
0.10669676460233536 58.1734950414
0.11971573889813272 56.5325272396
0.1343232683141004 54.6364633035
0.15071318589057478 52.5231374987
0.1691029758758673 50.2245101889
0.18973665961010278 47.7693680538
0.21288803354014518 45.1857257693
0.2388643023320984 42.4702916972
0.2680101552905778 39.715115991
0.3007123401763635 36.9460947915
0.33740479511420945 34.1975502709
0.3785744066881158 31.4994823435
0.4247674706304828 28.8694939918
0.47659694083456877 26.3145818561
0.5347505628802476 23.8793477278
0.6 21.5753097759
0.6732110725811778 19.4122163408
0.7553552470765005 17.3981087845
0.8475225267736524 15.5392169485
0.9509359154766684 13.8168601125
1.0669676460233537 12.2450958215
1.1971573889813274 10.8183696618
1.343232683141004 9.52827283021
1.5071318589057476 8.3660508963
1.691029758758673 7.32386950014
1.8973665961010275 6.38968001258
2.128880335401452 5.55942076357
2.388643023320984 4.82337407559
2.680101552905778 4.17304820169
3.007123401763635 3.60056670234
3.3740479511420944 3.09837524202
3.785744066881158 2.65727540458
4.247674706304828 2.27349622778
4.765969408345688 1.93976433315
5.347505628802475 1.65046640375
6.0 1.40067910765
6.732110725811781 1.18572171595
7.553552470765005 1.00045965738
8.475225267736525 0.842051199874
9.509359154766681 0.706706075443
10.669676460233537 0.591411300459
11.971573889813278 0.493528818564
13.43232683141004 0.410623880084
15.071318589057476 0.340348477284
16.910297587586722 0.281304972623
18.973665961010276 0.231763428414
21.28880335401453 0.190247016318
23.88643023320984 0.155548259765
26.80101552905778 0.126694910095
30.071234017636332 0.102689561608
33.74047951142094 0.0828049951817
37.8574406688116 0.0664269636954
42.47674706304828 0.0529995480551
47.659694083456884 0.0420377431519
53.47505628802473 0.0331277857801
60.0 0.0258679980375
67.32110725811782 0.0200318196093
75.53552470765004 0.0153757002209
84.75225267736526 0.0116858646603
95.0935915476668 0.00878265189569
106.69676460233538 0.0065180379418
119.71573889813278 0.0047560529863
134.32326831410037 0.00341121414737
150.7131858905748 0.00240187060416
169.10297587586723 0.00165722419627
189.73665961010278 0.00111743186194
212.88803354014527 0.000733372646086
238.86430233209833 0.000464731816195
268.01015529057787 0.00028556534949
300.71234017636334 0.000169081942028
337.40479511420943 9.68267282334e-05
378.57440668811597 5.29528637859e-05
424.76747063048276 2.80615799807e-05
476.5969408345689 1.48787365024e-05
534.7505628802473 8.25057129046e-06
600.0 5.61470382687e-06
