E(GeV) dN/dE (GeV^-1)
8.183015176662081e-07 0.0
9.18149404004791e-07 0.473010688684
1.030180575099722e-06 0.421571220037
1.1558816165252998e-06 0.751451490696
1.2969205047297738e-06 0.669731846045
1.4551687400694196e-06 0.895348704129
1.6327261804812284e-06 1.06397383002
1.831948905321892e-06 1.18533459269
2.055480479109447e-06 1.26771668128
2.3062870300182443e-06 1.3181626284
2.5876966085977298e-06 1.51047473036
2.903443348981263e-06 1.64537024723
3.2577170185772647e-06 1.73306282668
3.655218613737269e-06 1.7822236963
4.101222739121263e-06 1.80019634679
4.601647598496893e-06 1.88756080342
5.163133525707834e-06 1.93463388736
5.793131097869337e-06 2.02411283523
6.5000000000000004e-06 2.071250606
7.29311995296276e-06 2.02464959852
8.18301517666208e-06 2.01676154279
9.18149404004791e-06 2.03394596134
1.0301805750997243e-05 1.98138473417
1.1558816165252998e-05 1.91620130128
1.2969205047297711e-05 1.84176257662
1.4551687400694195e-05 1.79069740826
1.6327261804812284e-05 1.70235812802
1.8319489053218958e-05 1.61205504606
2.0554804791094464e-05 1.54238862889
2.3062870300182395e-05 1.44997889123
2.5876966085977297e-05 1.34264420477
2.9034433489812626e-05 1.25646455243
3.257717018577271e-05 1.17315022114
3.655218613737269e-05 1.08121570909
4.101222739121254e-05 0.995402685874
4.601647598496892e-05 0.906029185641
5.1631335257078346e-05 0.832733716731
5.7931310978693485e-05 0.757168134661
6.5e-05 0.694871171045
7.29311995296276e-05 0.637169138357
8.18301517666208e-05 0.589106661182
9.18149404004791e-05 0.548692398874
0.00010301805750997242 0.514316888445
0.00011558816165252998 0.492200726406
0.0001296920504729771 0.455417655311
0.00014551687400694195 0.447674352064
0.00016327261804812286 0.446869008606
0.00018319489053218957 0.452797814407
0.00020554804791094464 0.473280894346
0.00023062870300182396 0.502784888259
0.000258769660859773 0.550484123954
0.00029034433489812626 0.607291200342
0.00032577170185772714 0.678560752908
0.00036552186137372685 0.765168040277
0.0004101222739121254 0.866212124516
0.0004601647598496893 0.991913202196
0.0005163133525707835 1.09348871894
0.0005793131097869349 1.24145587228
0.00065 1.44118953456
0.000729311995296276 1.67271785948
0.000818301517666208 1.92070000614
0.000918149404004791 2.23497550403
0.0010301805750997243 2.57917272419
0.0011558816165252999 2.97800225763
0.0012969205047297712 3.44911900713
0.0014551687400694193 4.00608855184
0.0016327261804812284 4.64584172876
0.001831948905321896 5.3276048603
0.0020554804791094463 6.10363324815
0.0023062870300182394 6.98513207681
0.00258769660859773 7.98168413628
0.0029034433489812626 9.07690933752
0.003257717018577271 10.2674640604
0.0036552186137372693 11.6407722947
0.0041012227391212545 13.1497989499
0.004601647598496893 14.8034787349
0.005163133525707834 16.6111871294
0.005793131097869349 18.5632887462
0.006500000000000001 20.6481636621
0.00729311995296276 22.8841975724
0.00818301517666208 25.2876422583
0.009181494040047911 27.7712616508
0.010301805750997243 30.3686838207
0.011558816165252998 33.0558250597
0.012969205047297712 35.7940194314
0.014551687400694197 38.6050783704
0.016327261804812285 41.3744311357
0.01831948905321896 44.1295090453
0.020554804791094467 46.8206858329
0.023062870300182396 49.4017412
0.025876966085977303 51.8451822008
0.029034433489812626 54.1606524281
0.03257717018577271 56.1751385202
0.03655218613737269 57.928662372
0.04101222739121254 59.4029531772
0.04601647598496893 60.5833497404
0.051631335257078345 61.4562613933
0.05793131097869348 62.0064177063
0.065 62.1560258064
0.0729311995296276 61.9460004707
0.08183015176662088 61.3922487385
0.09181494040047901 60.5089084877
0.10301805750997242 59.3127056447
0.11558816165252997 57.8271191126
0.12969205047297713 55.9864948656
0.1455168740069421 53.912789506
0.16327261804812268 51.6374934407
0.18319489053218957 49.1938416099
0.20554804791094466 46.6213056918
0.23062870300182395 43.9682710796
0.25876966085977327 41.1890229758
0.290344334898126 38.3911502489
0.32577170185772714 35.6002579687
0.3655218613737269 32.8497796411
0.4101222739121254 30.1706109334
0.4601647598496897 27.5843803859
0.5163133525707828 25.0797542528
0.5793131097869348 22.700877499
0.65 20.4650771352
0.729311995296276 18.379039586
0.8183015176662088 16.4442824743
0.9181494040047901 14.6606039696
1.0301805750997242 13.0173271424
1.1558816165252999 11.5190821848
1.2969205047297714 10.1616869269
1.4551687400694209 8.93790797384
1.6327261804812265 7.8389101826
1.8319489053218956 6.85524393267
2.0554804791094465 5.97430206004
2.3062870300182396 5.19211284838
2.587696608597733 4.50000027479
2.9034433489812597 3.89003699035
3.257717018577271 3.35411327025
3.655218613737269 2.88369627873
4.101222739121255 2.47183117824
4.601647598496897 2.11287223568
5.163133525707829 1.80136099635
5.793131097869348 1.53189747228
6.5 1.2993867738
7.293119952962763 1.09917136966
8.183015176662089 0.926755585382
9.181494040047902 0.779385198669
10.301805750997238 0.653735718395
11.558816165252999 0.546824073418
12.96920504729772 0.456083435739
14.55168740069421 0.379348889739
16.327261804812267 0.314271004047
18.31948905321895 0.259570092766
20.554804791094465 0.213682140332
23.062870300182407 0.175305197261
25.876966085977326 0.143307985131
29.034433489812596 0.116689553228
32.577170185772694 0.0944821726661
36.55218613737269 0.0761498322871
41.01222739121256 0.0610811173905
46.01647598496897 0.0487292413876
51.63133525707829 0.0386379191966
57.93131097869346 0.0304376042565
65.0 0.0237461799637
72.93119952962763 0.0183848902279
81.83015176662087 0.0141108347044
91.81494040047905 0.0107206264354
103.01805750997238 0.00805246559963
115.58816165252999 0.00597808591731
129.69205047297717 0.00435624065467
145.51687400694206 0.00312265096997
163.2726180481227 0.00219751292897
183.1948905321895 0.00151541471671
205.54804791094466 0.00102173738789
230.62870300182405 0.000671347759
258.7696608597732 0.000425319474575
290.344334898126 0.000260179405612
325.77170185772695 0.00015382265712
365.5218613737269 8.80929410097e-05
410.1222739121256 4.82304369477e-05
460.16475984968963 2.57557671626e-05
516.313352570783 1.38174916816e-05
579.3131097869347 7.66389093133e-06
650.0 5.1440511018e-06
