E(GeV) dN/dE (GeV^-1)
7.553552470764998e-09 0.0
8.475225267736534e-09 0.0
9.509359154766665e-09 0.0
1.0669676460233537e-08 0.0
1.1971573889813297e-08 0.0
1.3432326831410026e-08 0.0
1.507131858905749e-08 0.0
1.6910297587586695e-08 0.0
1.8973665961010277e-08 0.0
2.128880335401456e-08 0.0
2.3886430233209814e-08 0.0
2.680101552905781e-08 0.0
3.007123401763629e-08 0.0
3.3740479511420944e-08 0.0
3.785744066881166e-08 0.0
4.247674706304824e-08 0.0
4.765969408345693e-08 0.0
5.3475056288024645e-08 0.0
6.000000000000001e-08 0.0
6.732110725811778e-08 0.0
7.553552470764996e-08 0.0
8.475225267736532e-08 0.0
9.509359154766685e-08 0.0
1.0669676460233537e-07 0.0
1.197157388981327e-07 0.0
1.3432326831410028e-07 0.0
1.5071318589057493e-07 0.0
1.6910297587586732e-07 0.0
1.8973665961010275e-07 0.0
2.128880335401452e-07 0.0
2.3886430233209816e-07 0.0
2.6801015529057805e-07 0.0
3.007123401763635e-07 0.0
3.3740479511420944e-07 0.0
3.785744066881158e-07 0.0
4.247674706304824e-07 0.0
4.765969408345693e-07 0.0
5.347505628802475e-07 0.0
6e-07 0.0
6.732110725811778e-07 0.0
7.553552470764998e-07 0.0
8.475225267736533e-07 0.0
9.509359154766684e-07 0.0
1.0669676460233536e-06 0.0
1.1971573889813272e-06 0.0
1.3432326831410026e-06 0.0
1.5071318589057494e-06 0.0
1.691029758758673e-06 0.0
1.8973665961010275e-06 0.0
2.1288803354014517e-06 0.0
2.3886430233209816e-06 0.0
2.680101552905781e-06 0.0
3.007123401763635e-06 0.0
3.3740479511420942e-06 0.0
3.7857440668811578e-06 0.0
4.247674706304824e-06 0.0
4.765969408345693e-06 0.0
5.347505628802475e-06 0.0
6e-06 0.0
6.732110725811779e-06 0.0
7.553552470764997e-06 0.0
8.475225267736532e-06 0.0
9.509359154766684e-06 0.0
1.0669676460233537e-05 0.0
1.1971573889813273e-05 0.0
1.3432326831410026e-05 0.0
1.5071318589057494e-05 0.0
1.691029758758673e-05 0.0
1.8973665961010275e-05 0.0
2.1288803354014517e-05 0.0
2.3886430233209815e-05 0.0
2.6801015529057806e-05 0.0
3.0071234017636348e-05 0.0
3.3740479511420946e-05 0.0
3.785744066881158e-05 0.0
4.247674706304824e-05 0.0
4.765969408345693e-05 0.0
5.347505628802476e-05 0.0
6.000000000000001e-05 0.0
6.732110725811778e-05 0.0
7.553552470764997e-05 0.0
8.475225267736534e-05 0.0
9.509359154766684e-05 0.0
0.00010669676460233537 0.0
0.00011971573889813272 0.0
0.00013432326831410026 0.0064664073076
0.00015071318589057492 0.0
0.00016910297587586728 0.0
0.00018973665961010279 0.0
0.00021288803354014521 0.0
0.00023886430233209817 0.0
0.0002680101552905781 0.0
0.0003007123401763635 0.0
0.0003374047951142094 0.00257432311687
0.00037857440668811576 0.00458873578595
0.0004247674706304824 0.00613457261111
0.00047659694083456935 0.00637868419382
0.0005347505628802475 0.0056850082718
0.0006000000000000001 0.00723824136505
0.0006732110725811778 0.0103217430513
0.0007553552470765004 0.0126489868692
0.0008475225267736524 0.013835562644
0.0009509359154766685 0.0173546818915
0.0010669676460233536 0.0236081009994
0.0011971573889813273 0.035188827411
0.001343232683141004 0.0543178213838
0.0015071318589057478 0.0815491608464
0.001691029758758673 0.119936105204
0.0018973665961010276 0.175561153182
0.002128880335401452 0.246841644579
0.0023886430233209842 0.3398148567
0.0026801015529057783 0.46668683376
0.003007123401763635 0.63848922973
0.0033740479511420946 0.86278439262
0.003785744066881158 1.14374239465
0.004247674706304828 1.48896301559
0.004765969408345688 1.89765854766
0.005347505628802476 2.39436305527
0.006 2.99084133204
0.006732110725811778 3.68944254278
0.007553552470765005 4.48728558725
0.008475225267736523 5.39545948857
0.009509359154766684 6.3836457125
0.010669676460233537 7.4597935832
0.011971573889813274 8.61828799007
0.01343232683141004 9.85564536973
0.015071318589057477 11.1617460273
0.016910297587586727 12.5023245186
0.018973665961010275 13.8442215075
0.02128880335401452 15.1677050546
0.02388643023320984 16.465347976
0.02680101552905778 17.7112838821
0.030071234017636346 18.8787444055
0.033740479511420944 19.9673768508
0.03785744066881158 20.8972060158
0.042476747063048284 21.6832705755
0.04765969408345688 22.2990689374
0.05347505628802475 22.7351439801
0.06 22.9882419957
0.06732110725811781 23.0482328964
0.07553552470765004 22.8452086946
0.08475225267736525 22.4539190891
0.0950935915476668 21.8879440186
0.10669676460233538 21.1560537298
0.11971573889813279 20.274256948
0.1343232683141004 19.2752447287
0.15071318589057475 18.1251827664
0.1691029758758672 16.8912437521
0.18973665961010275 15.6023256872
0.2128880335401453 14.2842384086
0.2388643023320984 12.9591241029
0.2680101552905778 11.6454261543
0.30071234017636334 10.3300466255
0.33740479511420945 9.06542479528
0.378574406688116 7.86950750094
0.4247674706304828 6.7532146085
0.4765969408345688 5.72508958418
0.5347505628802474 4.7931677263
0.6000000000000001 3.94956956321
0.6732110725811782 3.21278960955
0.7553552470765004 2.58053878467
0.8475225267736527 2.0467777953
0.9509359154766681 1.60255005065
1.0669676460233537 1.23725172903
1.1971573889813278 0.938326044855
1.3432326831410037 0.700757123556
1.507131858905748 0.513846449366
1.6910297587586722 0.36949925564
1.8973665961010275 0.260141572689
2.128880335401453 0.178597273902
2.3886430233209834 0.118166116461
2.680101552905779 0.0754997209279
3.0071234017636335 0.046304405869
3.3740479511420944 0.0272333781049
3.7857440668811595 0.0149106380629
4.247674706304828 0.00754675122619
4.765969408345689 0.00341952147225
5.347505628802473 0.00145869190814
6.0 0.000793962695333
