E(GeV) dN/dE (GeV^-1)
8.812477882559164e-06 3.79469606077
9.887762812359289e-06 3.77732821392
1.1094252347227777e-05 3.67971450632
1.244795587027246e-05 3.55865955951
1.396683620478218e-05 3.45151090658
1.5671047969978365e-05 3.35329407522
1.7583205020567073e-05 3.26031980769
1.9728680518851145e-05 3.14791001115
2.2135943621178656e-05 3.02139142373
2.483693724635032e-05 2.92013374107
2.7867501938744782e-05 2.83633588257
3.1267851450567445e-05 2.7362293527
3.5083106353909006e-05 2.59959424002
3.936389276332444e-05 2.49341581891
4.41670141136136e-05 2.3697542666
4.955620490688962e-05 2.24350084063
5.560297643069975e-05 2.13230300193
6.238756566936208e-05 2.03964174323
7.000000000000001e-05 1.96052937545
7.854129180113742e-05 1.90214979088
8.812477882559162e-05 1.83328173325
9.887762812359287e-05 1.75250460157
0.000110942523472278 1.71850496625
0.00012447955870272459 1.69559661365
0.0001396683620478215 1.65112819045
0.00015671047969978365 1.66556176794
0.00017583205020567074 1.69190838505
0.00019728680518851186 1.7302498383
0.00022135943621178655 1.79321542941
0.0002483693724635027 1.87622964321
0.00027867501938744785 1.97608455994
0.00031267851450567444 2.10981339429
0.0003508310635390907 2.26659859689
0.00039363892763324434 2.47024691086
0.0004416701411361351 2.7237424558
0.0004955620490688961 3.02872613486
0.0005560297643069976 3.38512864849
0.0006238756566936221 3.7938728671
0.0007 4.27531896399
0.0007854129180113741 4.80292822196
0.0008812477882559163 5.39586067134
0.0009887762812359289 6.07930230336
0.0011094252347227799 6.86697360318
0.001244795587027246 7.72019791499
0.0013966836204782152 8.67293173031
0.0015671047969978364 9.74395204007
0.0017583205020567077 10.9013238661
0.0019728680518851186 12.181971476
0.0022135943621178654 13.6337345082
0.0024836937246350273 15.1993835514
0.0027867501938744783 16.9500679083
0.0031267851450567444 18.8142852502
0.0035083106353909076 20.8310438061
0.003936389276332443 23.0315495256
0.004416701411361351 25.4294298817
0.004955620490688962 28.0076541663
0.005560297643069975 30.6687656748
0.006238756566936222 33.5214772438
0.006999999999999999 36.5200711515
0.007854129180113741 39.66540794
0.008812477882559162 42.9657171978
0.009887762812359287 46.3701297747
0.0110942523472278 49.8072063052
0.01244795587027246 53.2898453503
0.013966836204782151 56.8019192206
0.015671047969978362 60.3248181654
0.017583205020567077 63.81732702
0.019728680518851186 67.1892554384
0.022135943621178655 70.3235916865
0.02483693724635027 73.3239112625
0.027867501938744783 76.1379303083
0.031267851450567444 78.7080401256
0.03508310635390907 80.9823121847
0.039363892763324436 82.9271596852
0.044167014113613505 84.4545906768
0.04955620490688961 85.5945085466
0.05560297643069975 86.3405648717
0.06238756566936222 86.691087927
0.07 86.6456888111
0.0785412918011374 86.2018619917
0.08812477882559162 85.2348711159
0.09887762812359288 83.8930145835
0.11094252347227798 82.1985156669
0.1244795587027246 80.1751380343
0.13966836204782151 77.8470281153
0.15671047969978366 75.2378536232
0.17583205020567075 72.3145108194
0.19728680518851185 69.1968339473
0.22135943621178655 65.9304120407
0.24836937246350274 62.5525922873
0.2786750193874479 59.0999250787
0.3126785145056744 55.6135490801
0.35083106353909077 52.0645966892
0.3936389276332444 48.557950239
0.44167014113613506 45.115867478
0.4955620490688961 41.7634166604
0.5560297643069976 38.5228999248
0.6238756566936221 35.4102467569
0.7000000000000001 32.4229134333
0.7854129180113741 29.5968170647
0.8812477882559172 26.9379850304
0.9887762812359279 24.4509450796
1.10942523472278 22.1355383067
1.2447955870272458 19.9855465215
1.3966836204782151 17.9825754935
1.567104796997838 16.1437365074
1.7583205020567056 14.4583554997
1.9728680518851185 12.9186550627
2.2135943621178655 11.5169910357
2.4836937246350272 10.2444096932
2.7867501938744814 9.08824166816
3.126785145056741 8.0453390548
3.5083106353909077 7.10722888091
3.9363892763324437 6.26494136132
4.416701411361351 5.51041309701
4.9556204906889665 4.83707457279
5.560297643069969 4.23542688225
6.238756566936222 3.70099537869
7.0 3.22744573097
7.854129180113741 2.80887434979
8.812477882559172 2.43976390586
9.887762812359277 2.11496489439
11.0942523472278 1.82898952953
12.447955870272459 1.5782981008
13.966836204782153 1.35915623853
15.67104796997838 1.16807379324
17.583205020567057 1.00186747741
19.728680518851185 0.85767727225
22.135943621178654 0.732354596331
24.836937246350274 0.624048247771
27.867501938744812 0.530724152272
31.267851450567413 0.450456160156
35.08310635390907 0.381527703195
39.363892763324436 0.32246138693
44.16701411361351 0.271783881778
49.55620490688966 0.228598459634
55.6029764306997 0.191840333043
62.38756566936221 0.160637018461
70.0 0.134216724286
78.54129180113745 0.111871362361
88.12477882559172 0.0929527999422
98.87762812359279 0.0770601616549
110.94252347227794 0.0637384488426
124.4795587027246 0.0525933005414
139.6683620478216 0.0432890581248
156.7104796997838 0.0355425754342
175.83205020567055 0.029071098504
197.28680518851175 0.0237101836802
221.35943621178654 0.0192738247371
248.36937246350286 0.0156157526569
278.6750193874481 0.0126098646633
312.6785145056741 0.0101431619309
350.83106353909056 0.00811554204031
393.6389276332444 0.00646319748687
441.6701411361353 0.00512116876579
495.5620490688966 0.00403568467974
556.029764306997 0.00316182106869
623.8756566936219 0.00246189004761
700.0 0.00190002532949
785.4129180113745 0.00145389326299
881.247788255917 0.00110282048299
988.7762812359282 0.000828238066946
1109.4252347227794 0.000615014172981
1244.795587027246 0.00045120837665
1396.6836204782157 0.000325260126588
1567.1047969978376 0.000230616010296
1758.3205020567061 0.000160688566631
1972.8680518851177 0.000109885833815
2213.594362117866 7.35787289376e-05
2483.6937246350285 4.8058057329e-05
2786.7501938744804 3.03433394514e-05
3126.785145056742 1.86596952365e-05
3508.3106353909056 1.11650096805e-05
3936.3892763324434 6.5381555241e-06
4416.701411361353 3.7641727419e-06
4955.620490688965 2.17163870433e-06
5560.29764306997 1.28219362929e-06
6238.756566936219 7.80145563698e-07
7000.0 5.4925843547e-07
