E(GeV) dN/dE (GeV^-1)
8.812477882559163e-07 0.49281767023
9.887762812359287e-07 0.439224210921
1.1094252347227776e-06 0.782917980069
1.244795587027246e-06 0.697776384218
1.3966836204782178e-06 0.932840785563
1.5671047969978364e-06 1.10852696702
1.7583205020567074e-06 1.23496962413
1.9728680518851147e-06 1.32080140328
2.213594362117866e-06 1.37335973806
2.483693724635032e-06 1.57372477064
2.7867501938744783e-06 1.5584263091
3.1267851450567445e-06 1.666738692
3.5083106353909003e-06 1.85685302859
3.936389276332444e-06 1.87557827087
4.41670141136136e-06 1.96660105112
4.955620490688961e-06 2.01564528651
5.560297643069975e-06 2.03076476375
6.238756566936209e-06 2.08837038556
7e-06 2.10943034067
7.85412918011374e-06 2.10121197829
8.812477882559162e-06 2.11911598199
9.887762812359287e-06 2.10827621242
1.10942523472278e-05 2.03558674818
1.244795587027246e-05 1.98866269502
1.396683620478215e-05 1.89677626398
1.5671047969978365e-05 1.8013563214
1.7583205020567073e-05 1.72895747378
1.9728680518851185e-05 1.62898839738
2.2135943621178656e-05 1.53031513669
2.4836937246350273e-05 1.45132395514
2.7867501938744782e-05 1.35583088892
3.1267851450567445e-05 1.2639435081
3.5083106353909074e-05 1.16362789791
3.936389276332443e-05 1.07018289573
4.416701411361351e-05 1.00296653607
4.955620490688961e-05 0.920185891666
5.560297643069975e-05 0.827927172912
6.238756566936222e-05 0.75877457342
7e-05 0.70107537793
7.854129180113742e-05 0.646952109106
8.812477882559164e-05 0.596309380978
9.887762812359289e-05 0.55781474787
0.00011094252347227799 0.544127996148
0.00012447955870272459 0.519843406242
0.0001396683620478215 0.497515085634
0.00015671047969978365 0.493294500322
0.00017583205020567076 0.496457788898
0.00019728680518851183 0.510709875936
0.00022135943621178655 0.535610297842
0.0002483693724635027 0.563043751272
0.00027867501938744785 0.595318850077
0.00031267851450567444 0.64447229424
0.0003508310635390907 0.717983171054
0.00039363892763324434 0.815324907158
0.0004416701411361351 0.931185597705
0.0004955620490688961 1.06478653179
0.0005560297643069976 1.2278316187
0.0006238756566936222 1.44793680065
0.0007 1.69250763805
0.0007854129180113741 1.96297434814
0.0008812477882559163 2.27139664209
0.0009887762812359289 2.5778068939
0.0011094252347227799 2.9735224883
0.001244795587027246 3.40619541956
0.0013966836204782152 3.92508307872
0.0015671047969978364 4.53526095381
0.0017583205020567077 5.22392151005
0.0019728680518851186 6.02087319686
0.0022135943621178654 6.86248241682
0.0024836937246350273 7.81878923544
0.0027867501938744783 8.90438040232
0.0031267851450567444 10.1140481728
0.0035083106353909076 11.4465085996
0.003936389276332444 12.953074523
0.004416701411361351 14.5583542612
0.004955620490688962 16.3158598635
0.005560297643069975 18.2047907246
0.006238756566936222 20.2471685621
0.007 22.4721957137
0.007854129180113741 24.8458363324
0.008812477882559162 27.339060256
0.009887762812359289 29.9351064832
0.0110942523472278 32.6281851112
0.01244795587027246 35.3895435442
0.013966836204782151 38.180675838
0.015671047969978365 40.9754245298
0.017583205020567077 43.7542081016
0.019728680518851183 46.4874765238
0.022135943621178655 49.1306889858
0.024836937246350273 51.6330529188
0.027867501938744786 53.9621784689
0.031267851450567444 56.1349813352
0.03508310635390908 58.0063803083
0.039363892763324436 59.6220515525
0.044167014113613505 60.9382211326
0.04955620490688961 61.9344698082
0.05560297643069975 62.6028852525
0.06238756566936221 62.9348932572
0.07 62.8243138599
0.0785412918011374 62.3758544225
0.08812477882559172 61.5935795413
0.09887762812359278 60.4947458719
0.110942523472278 59.0972953984
0.12447955870272459 57.4085611691
0.13966836204782151 55.3814390239
0.1567104796997838 53.1550652776
0.17583205020567058 50.7502665633
0.19728680518851185 48.1986297752
0.22135943621178655 45.5368498322
0.2483693724635027 42.8018847899
0.27867501938744815 39.9787028309
0.31267851450567413 37.1536708117
0.35083106353909077 34.3575570797
0.3936389276332444 31.6215600959
0.44167014113613506 28.9708634219
0.4955620490688966 26.4209285567
0.5560297643069969 23.965474408
0.6238756566936221 21.6512154746
0.7000000000000001 19.4829833996
0.7854129180113741 17.4647857083
0.8812477882559172 15.5990788649
0.9887762812359278 13.8863360843
1.1094252347227798 12.3124147737
1.244795587027246 10.882586777
1.3966836204782151 9.589981698
1.567104796997838 8.42648603047
1.7583205020567056 7.38290380474
1.9728680518851183 6.44927623268
2.2135943621178655 5.61495539141
2.4836937246350272 4.87510540261
2.7867501938744814 4.22197977847
3.126785145056741 3.64686620435
3.5083106353909073 3.14168824584
3.9363892763324437 2.69967106513
4.416701411361351 2.31210286514
4.9556204906889665 1.97524474403
5.56029764306997 1.68307182678
6.238756566936221 1.43028478036
7.0 1.21225524548
7.854129180113745 1.02493863423
8.812477882559172 0.863566966195
9.887762812359279 0.725875063772
11.094252347227794 0.608519711753
12.44795587027246 0.50875654194
13.96683620478216 0.424193986456
15.67104796997838 0.352679240215
17.583205020567057 0.292011877343
19.728680518851174 0.241013192037
22.135943621178654 0.198315578984
24.836937246350285 0.162662797682
27.867501938744812 0.132934169357
31.26785145056741 0.108154270929
35.08310635390905 0.0875429329263
39.363892763324436 0.0705341659324
44.16701411361353 0.0565475089618
49.55620490688966 0.0450845428169
55.6029764306997 0.0357303843633
62.38756566936218 0.0281430185405
70.0 0.0219547648595
78.54129180113745 0.0169900738157
88.1247788255917 0.013026393212
98.87762812359281 0.00988934832875
110.94252347227794 0.00742725711185
124.4795587027246 0.00550571035986
139.66836204782157 0.00401116251694
156.71047969978378 0.00287579331287
175.8320502056706 0.00202530078478
197.28680518851175 0.00139686195343
221.35943621178657 0.000940912299853
248.36937246350283 0.000618335696796
278.67501938744806 0.000391398767531
312.67851450567423 0.000239692302348
350.83106353909056 0.000141497152386
393.63892763324435 8.09433384825e-05
441.67014113613527 4.43409538996e-05
495.56204906889656 2.36487774158e-05
556.0297643069971 1.27258654983e-05
623.8756566936219 7.07818336012e-06
700.0 4.76731256992e-06
