E(GeV) dN/dE (GeV^-1)
8.812477882559164e-08 0.0
9.887762812359289e-08 0.0
1.1094252347227777e-07 0.0
1.244795587027246e-07 0.0
1.396683620478218e-07 0.0
1.5671047969978365e-07 0.0
1.7583205020567075e-07 0.0
1.9728680518851146e-07 0.0
2.2135943621178657e-07 0.0
2.4836937246350325e-07 0.0
2.7867501938744784e-07 0.0
3.1267851450567446e-07 0.0
3.5083106353909e-07 0.0
3.9363892763324437e-07 0.0
4.4167014113613603e-07 0.0
4.955620490688961e-07 0.0
5.560297643069976e-07 0.0
6.23875656693621e-07 0.0
7e-07 0.0
7.854129180113742e-07 0.0
8.812477882559162e-07 0.0
9.887762812359287e-07 0.0
1.10942523472278e-06 0.0
1.244795587027246e-06 0.0
1.396683620478215e-06 0.0
1.5671047969978364e-06 0.0
1.7583205020567074e-06 0.0
1.9728680518851185e-06 0.0
2.2135943621178654e-06 0.0
2.483693724635027e-06 0.0
2.7867501938744783e-06 0.0
3.126785145056744e-06 0.0
3.5083106353909075e-06 0.0
3.936389276332443e-06 0.0
4.416701411361351e-06 0.0
4.955620490688961e-06 0.0
5.560297643069975e-06 0.0
6.238756566936221e-06 0.0
7e-06 0.0
7.85412918011374e-06 0.0
8.812477882559164e-06 0.0
9.887762812359287e-06 0.0
1.10942523472278e-05 0.0
1.2447955870272459e-05 0.0
1.3966836204782151e-05 0.0
1.5671047969978365e-05 0.0
1.7583205020567076e-05 0.0
1.9728680518851185e-05 0.0
2.2135943621178656e-05 0.0
2.4836937246350273e-05 0.0
2.7867501938744786e-05 0.0
3.1267851450567445e-05 0.0
3.5083106353909074e-05 0.0
3.936389276332443e-05 0.011032813358
4.416701411361351e-05 0.0
4.955620490688962e-05 0.0
5.560297643069975e-05 0.0
6.238756566936222e-05 0.0
7e-05 0.00620420688433
7.854129180113742e-05 0.0110590104121
8.812477882559162e-05 0.00985635340459
9.887762812359287e-05 0.00439224210921
0.00011094252347227799 0.00782917980069
0.0001244795587027246 0.00697776384218
0.0001396683620478215 0.00932840785563
0.00015671047969978362 0.0110852696702
0.00017583205020567076 0.0148196354895
0.00019728680518851186 0.0242146923935
0.00022135943621178655 0.031391079727
0.0002483693724635027 0.0437145769621
0.00027867501938744785 0.0545449208186
0.00031267851450567444 0.06528059877
0.0003508310635390907 0.0804636312388
0.0003936389276332444 0.10260516423
0.0004416701411361351 0.133728871476
0.0004955620490688961 0.182284443302
0.0005560297643069976 0.240567518167
0.0006238756566936222 0.307686570139
0.0007000000000000001 0.388383350959
0.0007854129180113741 0.475537447719
0.0008812477882559163 0.586453027573
0.0009887762812359289 0.706272531161
0.0011094252347227799 0.856120811205
0.001244795587027246 1.03794237152
0.001396683620478215 1.24565339566
0.0015671047969978366 1.50343969902
0.0017583205020567075 1.81120645074
0.0019728680518851186 2.16831563705
0.002213594362117866 2.57779622833
0.0024836937246350273 3.05267633842
0.0027867501938744787 3.60339331191
0.0031267851450567444 4.20976525132
0.0035083106353909076 4.90914803698
0.003936389276332443 5.72161700747
0.004416701411361351 6.6477015331
0.004955620490688961 7.69065077229
0.005560297643069975 8.85593081568
0.006238756566936221 10.1475309281
0.007 11.5723348489
0.007854129180113741 13.137496124
0.008812477882559172 14.817302482
0.009887762812359278 16.6024994831
0.0110942523472278 18.4897824763
0.012447955870272458 20.4560473686
0.013966836204782151 22.4804989966
0.01567104796997838 24.5503804595
0.017583205020567056 26.6341452944
0.019728680518851186 28.7002220125
0.022135943621178655 30.7223516317
0.024836937246350273 32.6857214253
0.027867501938744814 34.4710185422
0.031267851450567416 36.121560933
0.03508310635390908 37.6057055181
0.039363892763324436 38.8915938434
0.04416701411361351 39.9521394988
0.04955620490688966 40.7707025931
0.05560297643069969 41.2638746767
0.06238756566936222 41.4918333163
0.07 41.437103642
0.07854129180113742 41.0965157709
0.08812477882559172 40.4820836978
0.09887762812359278 39.6207294462
0.11094252347227798 38.4711019964
0.12447955870272459 37.1080586232
0.13966836204782151 35.5518994096
0.1567104796997838 33.8342245253
0.17583205020567055 31.9912286392
0.19728680518851183 30.0580080564
0.22135943621178655 28.0133328423
0.2483693724635027 25.9326743418
0.27867501938744815 23.8526808851
0.31267851450567413 21.8006156884
0.3508310635390907 19.7985060183
0.3936389276332444 17.8659510063
0.4416701411361351 15.993460729
0.4955620490688966 14.2340216622
0.5560297643069969 12.5926535784
0.6238756566936221 11.078633649
0.7000000000000001 9.6977449064
0.7854129180113745 8.44871458388
0.8812477882559172 7.31863415097
0.9887762812359278 6.31209157437
1.1094252347227793 5.42201469874
1.244795587027246 4.63898103084
1.3966836204782158 3.95339075425
1.567104796997838 3.35647693328
1.7583205020567056 2.83558115076
1.9728680518851176 2.38564184089
2.2135943621178655 1.99965906142
2.4836937246350286 1.66943416487
2.7867501938744814 1.38769026548
3.1267851450567408 1.14874880793
3.5083106353909055 0.944911779271
3.9363892763324437 0.773211665618
4.416701411361353 0.629255599918
4.9556204906889665 0.509210628358
5.56029764306997 0.409582289584
6.238756566936218 0.327170230488
7.0 0.258834051512
7.854129180113745 0.203032482745
8.812477882559172 0.157790115245
9.88776281235928 0.121420414617
11.094252347227794 0.0924283216386
12.44795587027246 0.0694901545515
13.966836204782158 0.0513040354828
15.671047969978376 0.0372797896139
17.58320502056706 0.0265999119365
19.728680518851178 0.0186010222693
22.135943621178654 0.0127172326967
24.83693724635028 0.00846823047662
27.867501938744805 0.00542404043178
31.26785145056742 0.00335015866041
35.08310635390906 0.0019862880637
39.363892763324436 0.00113049928636
44.167014113613526 0.000602330569937
49.556204906889654 0.000303337088269
55.602976430699705 0.000145090331736
62.38756566936219 7.06078027357e-05
70.0 4.3770679569e-05
