E(GeV) dN/dE (GeV^-1)
9.441940588456247e-07 0.459963158881
1.0594031584670667e-06 0.819885193719
1.1886698943458332e-06 0.730723448064
1.3337095575291922e-06 0.976886937905
1.496446736226662e-06 1.16086853314
1.6790408539262534e-06 1.29328146152
1.8839148236321866e-06 1.38316597902
2.113787198448337e-06 1.43820597246
2.371708245126285e-06 1.46491705393
2.66110041925182e-06 1.63201087325
2.985803779151227e-06 1.7454374662
3.350126941132226e-06 1.8148932424
3.758904252204536e-06 1.96413787024
4.217559938927618e-06 2.0594584935
4.732180083601457e-06 2.11081846154
5.30959338288103e-06 2.12665183852
5.957461760432117e-06 2.18697743788
6.684382036003081e-06 2.20903178561
7.5e-06 2.20042537498
8.415138407264723e-06 2.16756604077
9.441940588456246e-06 2.11583053085
1.0594031584670665e-05 2.13170150367
1.1886698943458357e-05 2.08256182698
1.3337095575291921e-05 2.01889967167
1.496446736226659e-05 1.91543307969
1.6790408539262533e-05 1.83645967536
1.8839148236321866e-05 1.75201024009
2.1137871984483413e-05 1.66420976813
2.3717082451262845e-05 1.5564743698
2.661100419251815e-05 1.46880978593
2.9858037791512268e-05 1.36725934852
3.350126941132226e-05 1.27042526968
3.758904252204544e-05 1.17848272214
4.217559938927618e-05 1.10181029402
4.732180083601447e-05 1.01869934448
5.30959338288103e-05 0.932455036888
5.957461760432116e-05 0.852921200773
6.684382036003095e-05 0.786155429586
7.5e-05 0.746986508874
8.415138407264722e-05 0.670913298332
9.441940588456246e-05 0.620950264489
0.00010594031584670666 0.578019061572
0.00011886698943458355 0.526120882606
0.0001333709557529192 0.494956048539
0.00014964467362266591 0.490466955254
0.00016790408539262534 0.501793207069
0.00018839148236321867 0.507160858974
0.00021137871984483413 0.521863310008
0.00023717082451262843 0.567655358397
0.0002661100419251815 0.626692175328
0.0002985803779151227 0.670538893263
0.0003350126941132226 0.75836610486
0.00037589042522045437 0.844579284203
0.00042175599389276177 0.925726592828
0.00047321800836014474 1.033383299
0.000530959338288103 1.22364275016
0.0005957461760432117 1.43247022181
0.0006684382036003094 1.65612412398
0.00075 1.88831240732
0.0008415138407264723 2.14485820605
0.0009441940588456245 2.46080290001
0.0010594031584670665 2.86467886685
0.0011886698943458355 3.30908113456
0.0013337095575291923 3.81181283171
0.001496446736226659 4.39301674655
0.0016790408539262532 5.05854110859
0.0018839148236321867 5.80238128199
0.0021137871984483413 6.61903480126
0.0023717082451262844 7.56135248848
0.0026611004192518147 8.61685420968
0.002985803779151227 9.78928602916
0.003350126941132226 11.0882198997
0.0037589042522045437 12.5296976243
0.004217559938927618 14.1362260723
0.004732180083601447 15.8572024808
0.00530959338288103 17.7252341025
0.005957461760432116 19.7350657017
0.006684382036003095 21.8977422616
0.007500000000000001 24.2254673539
0.008415138407264723 26.7017815778
0.009441940588456247 29.2796448233
0.010594031584670666 31.9646590762
0.011886698943458356 34.7221514434
0.013337095575291922 37.5243113104
0.01496446736226659 40.3530091241
0.016790408539262534 43.2011877907
0.018839148236321865 45.977382306
0.02113787198448341 48.6779097142
0.023717082451262847 51.2544263255
0.02661100419251815 53.6795467593
0.02985803779151227 55.9300127199
0.03350126941132226 57.963321455
0.03758904252204544 59.6669961572
0.04217559938927618 61.0892127253
0.04732180083601447 62.2052235258
0.053095933828810296 63.0001140117
0.059574617604321166 63.4643721149
0.06684382036003095 63.5887081914
0.075 63.2900822833
0.08415138407264723 62.6305563344
0.09441940588456256 61.6335960076
0.10594031584670656 60.3260047146
0.11886698943458357 58.7338518234
0.1333709557529192 56.8790693762
0.1496446736226659 54.7124711186
0.1679040853926255 52.3491805834
0.18839148236321845 49.8306498907
0.2113787198448341 47.1867900894
0.23717082451262844 44.4481415276
0.2661100419251815 41.6546474755
0.29858037791512304 38.7994341623
0.33501269411322226 35.9631518654
0.3758904252204544 33.1774508903
0.4217559938927618 30.4637303979
0.4732180083601447 27.8417248756
0.5309593382881035 25.3345800538
0.595746176043211 22.9340465372
0.6684382036003095 20.6819639349
0.75 18.5808973851
0.8415138407264723 16.6319525357
0.9441940588456256 14.8351623257
1.0594031584670656 13.1896320819
1.1886698943458356 11.679422142
1.333709557529192 10.3120986213
1.4964467362266591 9.0785323135
1.679040853926255 7.96944065758
1.8839148236321845 6.97574703162
2.113787198448341 6.08876805376
2.3717082451262845 5.29742554271
2.661100419251815 4.5960008032
2.98580377915123 3.97702130268
3.3501269411322228 3.43259768584
3.7589042522045433 2.95510885587
4.217559938927618 2.53754571899
4.732180083601448 2.1720856098
5.309593382881035 1.85427885944
5.9574617604321105 1.57903532616
6.684382036003094 1.34118688037
7.5 1.1361518298
8.415138407264728 0.960146911332
9.441940588456257 0.808775346488
10.594031584670654 0.67928521355
11.88669894345835 0.569082087071
13.337095575291922 0.475476011236
14.9644673622666 0.396122037718
16.79040853926255 0.329147400198
18.839148236321847 0.272463503644
21.1378719844834 0.224861387577
23.717082451262844 0.184977878053
26.611004192518163 0.151639449016
29.858037791512302 0.123848620858
33.50126941132223 0.100761822773
37.58904252204542 0.0815523561613
42.17559938927619 0.0656906711346
47.321800836014496 0.0526449045498
53.09593382881035 0.0419550700567
59.574617604321105 0.033234183937
66.84382036003092 0.0261599976233
75.0 0.0204044228997
84.15138407264728 0.0157851190614
94.41940588456255 0.0120983189754
105.94031584670658 0.00918028321006
118.8669894345835 0.00689174512807
133.37095575291923 0.00511238148762
149.64467362266598 0.00372740084919
167.90408539262546 0.00267016580984
188.3914823632185 0.00187795672359
211.37871984483402 0.00129387378481
237.17082451262846 0.000871078134338
266.1100419251816 0.000572031235151
298.5803779151229 0.000362629178914
335.0126941132224 0.000222328311251
375.8904252204542 0.000131346520884
421.7559938927618 7.51867106807e-05
473.21800836014495 4.13628643745e-05
530.9593382881035 2.20991843743e-05
595.7461760432111 1.18337349164e-05
668.4382036003092 6.60500503898e-06
750.0 4.47207504499e-06
