E(GeV) dN/dE (GeV^-1)
1.007140329435333e-07 0.0
1.1300300356982043e-07 0.0
1.2679145539688888e-07 0.0
1.4226235280311383e-07 0.0
1.5962098519751064e-07 0.0
1.7909769108546702e-07 0.0
2.0095091452076657e-07 0.0
2.2547063450115595e-07 0.0
2.5298221281347034e-07 0.0
2.8385071138686083e-07 0.0
3.184857364427975e-07 0.0
3.573468737207708e-07 0.0
4.0094978690181715e-07 0.0
4.498730601522793e-07 0.0
5.047658755841554e-07 0.0
5.663566275073099e-07 0.0
6.354625877794258e-07 0.0
7.130007505069953e-07 0.0
8e-07 0.0
8.976147634415704e-07 0.0
1.007140329435333e-06 0.0
1.1300300356982044e-06 0.0
1.2679145539688915e-06 0.0
1.4226235280311382e-06 0.0
1.596209851975103e-06 0.0
1.7909769108546702e-06 0.0
2.009509145207666e-06 0.0
2.254706345011564e-06 0.0
2.5298221281347034e-06 0.0
2.8385071138686025e-06 0.0
3.184857364427975e-06 0.0
3.573468737207708e-06 0.0
4.00949786901818e-06 0.0
4.498730601522792e-06 0.0
5.047658755841544e-06 0.0
5.663566275073098e-06 0.0
6.3546258777942576e-06 0.0
7.130007505069967e-06 0.0
8e-06 0.0
8.976147634415704e-06 0.0
1.0071403294353329e-05 0.0
1.1300300356982043e-05 0.0
1.2679145539688913e-05 0.0
1.4226235280311382e-05 0.0
1.596209851975103e-05 0.0
1.79097691085467e-05 0.0
2.0095091452076658e-05 0.0
2.2547063450115638e-05 0.0
2.5298221281347034e-05 0.0
2.8385071138686027e-05 0.0153001019367
3.184857364427975e-05 0.0
3.573468737207708e-05 0.0
4.00949786901818e-05 0.0
4.498730601522792e-05 0.0193074233766
5.047658755841544e-05 0.0172077591973
5.663566275073099e-05 0.0153364315278
6.354625877794257e-05 0.0136686089867
7.130007505069968e-05 0.0182732408736
7.999999999999999e-05 0.0162860430714
8.976147634415704e-05 0.0145149511658
0.00010071403294353329 0.00862430922902
0.00011300300356982044 0.00384321184556
0.00012679145539688913 0.0068505323256
0.00014226235280311383 0.0152638584048
0.0001596209851975103 0.024487070621
0.000179097691085467 0.0290988328842
0.00020095091452076658 0.0324179526333
0.00022547063450115642 0.0423757116886
0.0002529822128134703 0.0566510891949
0.0002838507113868602 0.0642604281343
0.00031848573644279756 0.0777265121665
0.0003573468737207708 0.100872414589
0.000400949786901818 0.136478697601
0.0004498730601522793 0.183420522077
0.0005047658755841543 0.233165137123
0.0005663566275073099 0.286791269569
0.0006354625877794258 0.356750694554
0.0007130007505069967 0.442821537171
0.0008 0.540153761867
0.0008976147634415704 0.653172802463
0.0010071403294353329 0.800767111914
0.0011300300356982043 0.973869881665
0.0012679145539688914 1.17315366076
0.0014226235280311384 1.40091692439
0.0015962098519751028 1.6645766451
0.0017909769108546704 1.98211549996
0.002009509145207666 2.34684365097
0.002254706345011564 2.78273593984
0.0025298221281347035 3.2962350413
0.0028385071138686026 3.89096892353
0.0031848573644279758 4.56977346618
0.003573468737207708 5.34234891626
0.00400949786901818 6.20414828666
0.004498730601522793 7.17985153104
0.005047658755841544 8.2704792642
0.005663566275073098 9.49072060449
0.0063546258777942575 10.8569761182
0.0071300075050699675 12.3600201269
0.008 13.9687562896
0.008976147634415704 15.7071608714
0.01007140329435334 17.5481838391
0.011300300356982033 19.4726704827
0.012679145539688914 21.4773779153
0.014226235280311382 23.5838518163
0.01596209851975103 25.7060642044
0.01790976910854672 27.8386836771
0.020095091452076635 29.9423448745
0.02254706345011564 31.9813733685
0.025298221281347035 33.9343286007
0.028385071138686026 35.8066449613
0.03184857364427979 37.4443926942
0.035734687372077044 38.9003042757
0.040094978690181804 40.155737256
0.04498730601522793 41.1839890447
0.05047658755841544 41.9640805372
0.05663566275073104 42.4964772737
0.06354625877794251 42.665325943
0.07130007505069967 42.5436193072
0.08 42.1463414296
0.08976147634415704 41.4763665134
0.1007140329435334 40.543809111
0.11300300356982032 39.3836323739
0.12679145539688913 37.947859316
0.14226235280311383 36.3258826964
0.1596209851975103 34.5489140498
0.1790976910854672 32.6491693599
0.20095091452076635 30.6571672136
0.2254706345011564 28.5998127636
0.25298221281347033 26.4641700599
0.28385071138686024 24.3324360245
0.3184857364427979 22.2337983494
0.35734687372077045 20.1910369317
0.400949786901818 18.2227277727
0.4498730601522793 16.344698294
0.5047658755841544 14.5524092263
0.5663566275073104 12.8823034229
0.6354625877794251 11.3443672768
0.7130007505069967 9.94060648878
0.8 8.66940110519
0.8976147634415709 7.52794427996
1.007140329435334 6.5007356496
1.1300300356982032 5.59314687569
1.2679145539688907 4.79399087555
1.4226235280311383 4.09330524508
1.5962098519751038 3.48187044316
1.7909769108546718 2.95095798847
2.0095091452076637 2.48947443
2.254706345011563 2.09187026592
2.529822128134703 1.75095040609
2.838507113868604 1.45978945783
3.1848573644279785 1.21195527727
3.573468737207704 1.0016230925
4.009497869018178 0.822890833353
4.498730601522793 0.67273154536
5.047658755841546 0.547087406664
5.663566275073104 0.442325076451
6.354625877794251 0.355343852974
7.130007505069964 0.283547401406
8.0 0.224024294073
8.976147634415709 0.175552576754
10.071403294353338 0.136384783026
11.300300356982035 0.104920836347
12.679145539688907 0.079803358178
14.226235280311384 0.0599180624739
15.962098519751038 0.0442084947656
17.909769108546715 0.0320948002199
20.09509145207664 0.0228752744243
22.54706345011563 0.0159758744469
25.298221281347036 0.0109086822344
28.385071138686037 0.00726023497122
31.848573644279774 0.00464744543343
35.734687372077055 0.00287011187432
40.094978690181776 0.00169844489672
44.98730601522793 0.000964579564469
50.47658755841546 0.000516009075049
56.63566275073103 0.000260282247674
63.54625877794252 0.000125013097793
71.30007505069965 6.14041804157e-05
80.0 3.84024895623e-05
