E(GeV) dN/dE (GeV^-1)
1.007140329435333e-06 0.862430922902
1.1300300356982044e-06 0.768642369112
1.2679145539688887e-06 1.02757984884
1.4226235280311382e-06 0.915831504286
1.5962098519751061e-06 1.08831424982
1.7909769108546702e-06 1.21245137017
2.0095091452076654e-06 1.29671810533
2.2547063450115593e-06 1.5409349705
2.5298221281347038e-06 1.54502970531
2.8385071138686084e-06 1.68301121304
3.184857364427975e-06 1.90907222865
3.573468737207708e-06 1.944528474
4.0094978690181715e-06 2.05801210668
4.498730601522793e-06 2.12381657142
5.047658755841554e-06 2.15096989966
5.663566275073099e-06 2.14710041389
6.3546258777942576e-06 2.18697743788
7.130007505069953e-06 2.25369970775
8e-06 2.22575921975
8.976147634415704e-06 2.17724267488
1.0071403294353329e-05 2.15607730725
1.1300300356982043e-05 2.11376651506
1.2679145539688914e-05 2.05515969768
1.4226235280311383e-05 1.98430159262
1.596209851975103e-05 1.90454993719
1.7909769108546704e-05 1.84292608266
2.0095091452076658e-05 1.7505694422
2.254706345011564e-05 1.65650509328
2.5298221281347034e-05 1.56219670204
2.8385071138686027e-05 1.46880978593
3.184857364427975e-05 1.37725925067
3.573468737207708e-05 1.27609681106
4.00949786901818e-05 1.16981740801
4.498730601522792e-05 1.0715619974
5.047658755841544e-05 0.998050033443
5.6635662750730986e-05 0.912517675902
6.354625877794257e-05 0.840619452685
7.130007505069968e-05 0.779658277275
7.999999999999999e-05 0.711157214117
8.976147634415704e-05 0.658011119518
0.00010071403294353329 0.61232595526
0.00011300300356982044 0.580324988679
0.00012679145539688913 0.565168916862
0.0001422623528031138 0.558657217615
0.0001596209851975103 0.549598696161
0.000179097691085467 0.545603116578
0.00020095091452076658 0.55542758845
0.0002254706345011564 0.579776782649
0.0002529822128134703 0.623161981143
0.00028385071138686027 0.665554434248
0.00031848573644279756 0.729538315949
0.0003573468737207708 0.785103371378
0.000400949786901818 0.874113563207
0.00044987306015227926 1.00495138675
0.0005047658755841543 1.16582568562
0.0005663566275073099 1.3672428707
0.0006354625877794258 1.58077462932
0.0007130007505069967 1.82245122313
0.0007999999999999999 2.1003566881
0.0008976147634415704 2.41915852764
0.0010071403294353329 2.79039525105
0.0011300300356982043 3.24136487054
0.0012679145539688914 3.73628033038
0.0014226235280311384 4.28487033139
0.001596209851975103 4.90040698839
0.00179097691085467 5.60589015514
0.002009509145207666 6.42069969855
0.002254706345011564 7.32868671968
0.0025298221281347035 8.33766696974
0.002838507113868602 9.49126523543
0.0031848573644279753 10.7746672962
0.003573468737207708 12.1720190491
0.00400949786901818 13.6816644852
0.004498730601522793 15.3406167067
0.005047658755841544 17.1521781351
0.005663566275073099 19.1202359143
0.0063546258777942575 21.2497662752
0.0071300075050699675 23.547141833
0.008 26.0013192052
0.008976147634415704 28.5540054661
0.01007140329435333 31.2211636908
0.011300300356982044 33.9707259847
0.012679145539688913 36.7891054742
0.014226235280311384 39.6385917805
0.015962098519751028 42.4829181068
0.017909769108546702 45.3259667852
0.020095091452076656 48.0372031676
0.02254706345011564 50.6791938706
0.025298221281347035 53.1956474259
0.028385071138686026 55.5515948118
0.03184857364427975 57.7102307549
0.03573468737207708 59.6023742284
0.040094978690181804 61.1630691413
0.04498730601522793 62.4237572751
0.050476587558415435 63.3667730832
0.05663566275073099 63.9807397576
0.06354625877794258 64.2527068602
0.07130007505069967 64.1601384221
0.08 63.6413993758
0.08976147634415704 62.7720545295
0.1007140329435334 61.5875634696
0.11300300356982032 60.1024912001
0.12679145539688913 58.3322793272
0.1422623528031138 56.3125040553
0.1596209851975103 54.0107181094
0.1790976910854672 51.5341251842
0.20095091452076635 48.9203568064
0.2254706345011564 46.2003392518
0.25298221281347033 43.4063958641
0.28385071138686024 40.5778134492
0.3184857364427979 37.7031974345
0.35734687372077045 34.86652215
0.40094978690181804 32.0941366415
0.4498730601522793 29.4066837857
0.5047658755841544 26.8228484632
0.5663566275073104 24.3614790258
0.6354625877794251 22.0139898219
0.7130007505069967 19.8178480784
0.8 17.7773397494
0.8976147634415704 15.8912844785
1.007140329435334 14.1565172724
1.1300300356982032 12.5698542433
1.2679145539688912 11.1196278788
1.4226235280311381 9.80688340786
1.5962098519751031 8.62417703986
1.7909769108546718 7.56264335485
2.0095091452076637 6.61367685474
2.254706345011564 5.7696950732
2.5298221281347035 5.01659609094
2.8385071138686024 4.3495620919
3.1848573644279785 3.76106319767
3.5734687372077043 3.2439016555
4.00949786901818 2.79092968359
4.498730601522793 2.39502447225
5.047658755841544 2.04865574691
5.663566275073104 1.7479834328
6.354625877794251 1.48779022616
7.130007505069967 1.26302758775
8.0 1.06931688757
8.976147634415709 0.903076426386
10.07140329435334 0.760264897847
11.300300356982032 0.638397533815
12.679145539688907 0.534629175249
14.226235280311384 0.446504766349
15.96209851975104 0.371882856062
17.90976910854672 0.30888398982
20.095091452076634 0.255543372539
22.54706345011563 0.210771781901
25.298221281347033 0.173294411489
28.38507113868604 0.142004973806
31.84857364427979 0.115945238193
35.73468737207704 0.0942889460674
40.094978690181776 0.0762799804381
44.98730601522793 0.0614251580306
50.47658755841547 0.0492135460133
56.63566275073104 0.0392142892213
63.54625877794251 0.0310607452563
71.30007505069965 0.0244403926666
80.0 0.019055973277
89.76147634415709 0.014733952749
100.71403294353338 0.0112915019106
113.00300356982036 0.00856771059942
126.79145539688908 0.00642804629602
142.26235280311383 0.00476239403604
159.62098519751038 0.00346961928965
179.09769108546715 0.0024853895143
200.95091452076642 0.00174777933707
225.4706345011563 0.00120388241206
252.98221281347034 0.000810417864728
283.8507113868604 0.000532322676593
318.48573644279776 0.000337091701528
357.34687372077053 0.000206651117584
400.9497869018178 0.000122279497229
449.87306015227927 7.00705009182e-05
504.7658755841546 3.86839030635e-05
566.3566275073103 2.07333217824e-05
635.4625877794252 1.11754547076e-05
713.0007505069965 6.2622396474e-06
800.0 4.23219972615e-06
