E(GeV) dN/dE (GeV^-1)
1.007140329435333e-08 0.0
1.1300300356982044e-08 0.0
1.2679145539688887e-08 0.0
1.4226235280311383e-08 0.0
1.5962098519751062e-08 0.0
1.7909769108546702e-08 0.0
2.0095091452076656e-08 0.0
2.2547063450115595e-08 0.0
2.5298221281347036e-08 0.0
2.8385071138686083e-08 0.0
3.184857364427975e-08 0.0
3.573468737207708e-08 0.0
4.009497869018172e-08 0.0
4.498730601522793e-08 0.0
5.047658755841554e-08 0.0
5.663566275073099e-08 0.0
6.354625877794258e-08 0.0
7.130007505069953e-08 0.0
8e-08 0.0
8.976147634415704e-08 0.0
1.0071403294353329e-07 0.0
1.1300300356982043e-07 0.0
1.2679145539688914e-07 0.0
1.4226235280311383e-07 0.0
1.596209851975103e-07 0.0
1.7909769108546702e-07 0.0
2.0095091452076657e-07 0.0
2.254706345011564e-07 0.0
2.5298221281347034e-07 0.0
2.8385071138686025e-07 0.0
3.184857364427975e-07 0.0
3.5734687372077077e-07 0.0
4.00949786901818e-07 0.0
4.4987306015227924e-07 0.0
5.047658755841544e-07 0.0
5.663566275073098e-07 0.0
6.354625877794258e-07 0.0
7.130007505069967e-07 0.0
8e-07 0.0
8.976147634415704e-07 0.0
1.007140329435333e-06 0.0
1.1300300356982044e-06 0.0
1.2679145539688913e-06 0.0
1.4226235280311382e-06 0.0
1.596209851975103e-06 0.0
1.7909769108546702e-06 0.0
2.009509145207666e-06 0.0
2.254706345011564e-06 0.0
2.5298221281347034e-06 0.0
2.8385071138686025e-06 0.0
3.1848573644279754e-06 0.0
3.573468737207708e-06 0.0
4.00949786901818e-06 0.0
4.498730601522792e-06 0.0
5.047658755841544e-06 0.0
5.663566275073099e-06 0.0
6.3546258777942576e-06 0.0
7.130007505069967e-06 0.0
8e-06 0.0
8.976147634415704e-06 0.0
1.0071403294353329e-05 0.0
1.1300300356982043e-05 0.0
1.2679145539688913e-05 0.0
1.4226235280311383e-05 0.0
1.596209851975103e-05 0.0
1.79097691085467e-05 0.0
2.0095091452076658e-05 0.0
2.254706345011564e-05 0.0
2.5298221281347034e-05 0.0
2.8385071138686023e-05 0.0
3.184857364427975e-05 0.0
3.573468737207708e-05 0.0
4.00949786901818e-05 0.0
4.498730601522793e-05 0.00965371168828
5.047658755841544e-05 0.0
5.6635662750730986e-05 0.0
6.354625877794257e-05 0.00683430449337
7.130007505069968e-05 0.0
8e-05 0.0
8.976147634415704e-05 0.00483831705528
0.00010071403294353329 0.0
0.00011300300356982044 0.0
0.00012679145539688913 0.0
0.00014226235280311383 0.00305277168095
0.0001596209851975103 0.00272078562456
0.00017909769108546703 0.00242490274035
0.00020095091452076658 0.00216119684222
0.0002254706345011564 0.00385233742624
0.00025298221281347036 0.00343339934514
0.00028385071138686027 0.00306002038735
0.00031848573644279756 0.00272724604093
0.0003573468737207708 0.00364599088875
0.000400949786901818 0.00541582133338
0.00044987306015227926 0.00675759818179
0.0005047658755841543 0.00860387959865
0.0005663566275073099 0.00996868049305
0.0006354625877794258 0.0123017480881
0.0007130007505069967 0.015227700728
0.0008 0.0233433284023
0.0008976147634415704 0.0329005559759
0.001007140329435334 0.0444151925294
0.0011300300356982033 0.0599541047907
0.0012679145539688914 0.0859741806863
0.0014226235280311382 0.129437519272
0.001596209851975103 0.177667301284
0.001790976910854672 0.243460235131
0.0020095091452076636 0.333904912123
0.002254706345011564 0.45515366691
0.0025298221281347035 0.611660093337
0.0028385071138686026 0.809069390414
0.003184857364427979 1.046035219
0.0035734687372077044 1.33771405708
0.00400949786901818 1.7018676958
0.004498730601522793 2.14872314758
0.005047658755841544 2.68139907692
0.005663566275073104 3.30937187722
0.0063546258777942505 4.01529057595
0.0071300075050699675 4.83107942217
0.008 5.75679050487
0.008976147634415704 6.7853042215
0.01007140329435334 7.90991457403
0.011300300356982032 9.14042602865
0.012679145539688913 10.4202077098
0.014226235280311382 11.7662978899
0.01596209851975103 13.168575215
0.01790976910854672 14.5969687848
0.020095091452076635 16.020541564
0.02254706345011564 17.4422474265
0.025298221281347035 18.7863251929
0.028385071138686026 20.0560927235
0.03184857364427979 21.2227877877
0.035734687372077044 22.267646287
0.0400949786901818 23.176649952
0.04498730601522793 23.9324780316
0.05047658755841544 24.4674804979
0.05663566275073104 24.8200053552
0.06354625877794251 24.9686462309
0.07130007505069967 24.9052760966
0.08 24.6329441516
0.08976147634415708 24.1628069666
0.1007140329435334 23.4593328184
0.11300300356982032 22.5901225169
0.12679145539688907 21.5693702886
0.14226235280311383 20.4292793581
0.1596209851975104 19.2005487823
0.1790976910854672 17.8979234129
0.20095091452076635 16.5088445397
0.2254706345011563 15.0931768154
0.25298221281347033 13.6740965699
0.2838507113868604 12.2730915193
0.3184857364427979 10.9110105075
0.3573468737207704 9.60817405539
0.40094978690181776 8.34839435011
0.4498730601522793 7.17959763842
0.5047658755841546 6.10869514827
0.5663566275073104 5.14041911018
0.6354625877794251 4.27808803634
0.7130007505069964 3.52342498647
0.8 2.86299788445
0.8976147634415709 2.30196190894
1.0071403294353338 1.83098397087
1.1300300356982036 1.43995962577
1.2679145539688907 1.11913413063
1.4226235280311383 0.859445284953
1.5962098519751038 0.64860590841
1.7909769108546716 0.481590291548
2.009509145207664 0.351367382608
2.254706345011563 0.25144456783
2.5298221281347035 0.176023517627
2.8385071138686038 0.120094478128
3.1848573644279776 0.0789509092766
3.573468737207705 0.050118884554
4.009497869018178 0.0304994144718
4.498730601522793 0.0177826196154
5.047658755841546 0.00961948154647
5.663566275073103 0.00481510272462
6.354625877794252 0.00218150999429
7.1300075050699645 0.000944056534335
8.0 0.000523379137504
