E(GeV) dN/dE (GeV^-1)
1.1330328706147496e-05 3.90968685049
1.2712837901604799e-05 3.82613090402
1.4264038732149999e-05 3.68406405066
1.6004514690350304e-05 3.50051152749
1.7957360834719944e-05 3.33749703279
2.014849024711504e-05 3.16853958072
2.2606977883586237e-05 3.054491537
2.5365446381380046e-05 2.96201944329
2.8460498941515414e-05 2.88405544992
3.1933205031021845e-05 2.78801857514
3.5829645349814724e-05 2.7030038539
4.0201523293586716e-05 2.592704632
4.510685102645443e-05 2.46480046461
5.061071926713142e-05 2.35121511341
5.678616100321749e-05 2.20259317725
6.371512059457237e-05 2.09257087957
7.14895411251854e-05 2.01080425538
8.021258443203697e-05 1.9437313996
9e-05 1.88194275491
0.00010098166088717668 1.85791374923
0.00011330328706147496 1.82835355655
0.000127128379016048 1.80033123788
0.0001426403873215003 1.78113840466
0.00016004514690350305 1.7855322365
0.00017957360834719907 1.81869403526
0.0002014849024711504 1.88172452651
0.0002260697788358624 1.94603768993
0.00025365446381380097 2.0631407105
0.0002846049894151541 2.22026490986
0.00031933205031021777 2.40313601086
0.0003582964534981472 2.60361088708
0.00040201523293586713 2.83252981046
0.00045106851026454524 3.12721558948
0.0005061071926713141 3.44015379185
0.0005678616100321737 3.80100280936
0.0006371512059457236 4.23421834002
0.000714895411251854 4.75910590232
0.0008021258443203713 5.38126640128
0.0009 6.01497857436
0.0010098166088717668 6.73708770409
0.0011330328706147495 7.55374497672
0.00127128379016048 8.47351347709
0.0014264038732150026 9.50366737828
0.0016004514690350303 10.6412836861
0.0017957360834719909 11.913655169
0.002014849024711504 13.2949334244
0.002260697788358624 14.8092891884
0.0025365446381380094 16.4897163343
0.0028460498941515412 18.3467127407
0.003193320503102178 20.3143193439
0.0035829645349814724 22.4689922601
0.004020152329358671 24.8021365978
0.004510685102645452 27.2548199813
0.0050610719267131414 29.8593164003
0.005678616100321737 32.6794466889
0.006371512059457236 35.7008950914
0.0071489541125185395 38.8431492717
0.008021258443203713 42.11919757
0.009 45.5074507763
0.010098166088717667 48.9810575191
0.011330328706147495 52.5219665442
0.012712837901604799 56.1415361543
0.014264038732150026 59.745349667
0.016004514690350306 63.2950554672
0.01795736083471991 66.8058800083
0.02014849024711504 70.2292571971
0.02260697788358624 73.4903171654
0.025365446381380097 76.5413560974
0.02846049894151541 79.2945104716
0.031933205031021775 81.8179547111
0.03582964534981472 84.0271050601
0.04020152329358671 85.8995777478
0.04510685102645452 87.4329907217
0.05061071926713142 88.5944633784
0.056786161003217366 89.2740612087
0.06371512059457236 89.5370795673
0.0714895411251854 89.367923104
0.08021258443203713 88.7791520183
0.09000000000000001 87.7948830226
0.10098166088717667 86.4340741772
0.11330328706147495 84.6052669731
0.12712837901604798 82.4526666286
0.14264038732150028 79.9986927344
0.16004514690350305 77.26795507
0.17957360834719907 74.2954845453
0.20148490247115042 71.1328298449
0.2260697788358624 67.7557840168
0.2536544638138009 64.26464158
0.28460498941515416 60.7006311269
0.31933205031021783 57.1010738752
0.35829645349814726 53.5040037314
0.40201523293586716 49.9510647248
0.45106851026454525 46.4182940926
0.5061071926713142 42.9838987039
0.5678616100321736 39.6693241313
0.6371512059457236 36.4906981401
0.714895411251854 33.4603842284
0.8021258443203713 30.5880738477
0.9 27.8642094612
1.0098166088717666 25.3141500959
1.1330328706147508 22.9364968162
1.2712837901604788 20.7277878029
1.4264038732150028 18.6844417659
1.6004514690350304 16.803751878
1.7957360834719909 15.0690332115
2.014849024711506 13.482398021
2.2606977883586215 12.0361322668
2.5365446381380097 10.7216253744
2.8460498941515415 9.52996494368
3.193320503102178 8.45232724952
3.582964534981476 7.47756743741
4.020152329358668 6.60199317993
4.510685102645453 5.81713677518
5.061071926713142 5.11492912253
5.678616100321737 4.48823910716
6.371512059457242 3.93103453817
7.148954112518532 3.43462862639
8.021258443203713 2.99514763671
9.0 2.60678999271
10.098166088717667 2.26434610119
11.330328706147508 1.96302383169
12.712837901604786 1.69836324367
14.264038732150027 1.46596319329
16.004514690350305 1.2628353125
17.95736083471991 1.08574510265
20.14849024711506 0.931734498247
22.606977883586215 0.798046542817
25.365446381380092 0.682105103347
28.460498941515414 0.581527787187
31.933205031021778 0.494888365987
35.82964534981476 0.420305063036
40.201523293586675 0.356198747473
45.10685102645452 0.301239276355
50.610719267131415 0.254295876537
56.78616100321737 0.214086160304
63.715120594572426 0.179836836466
71.48954112518533 0.150736842787
80.21258443203713 0.126064376226
90.0 0.105189477235
100.98166088717672 0.0875686831806
113.30328706147507 0.0726866402718
127.12837901604786 0.0601955404831
142.6403873215002 0.0497361647627
160.04514690350305 0.0409918366223
179.57360834719918 0.0336950774075
201.4849024711506 0.0276247054095
226.06977883586214 0.0225771935111
253.65446381380082 0.0183965000855
284.60498941515414 0.0149395766116
319.33205031021794 0.0120903173516
358.2964534981476 0.00974991671742
402.0152329358667 0.00783248183184
451.06851026454495 0.00626120456617
506.1071926713142 0.00498165075126
567.861610032174 0.00394241540965
637.1512059457242 0.00310264257399
714.8954112518533 0.00242774117652
802.1258443203709 0.00188770699665
900.0 0.00145580914888
1009.8166088717672 0.00111342448599
1133.0328706147507 0.000843632995204
1271.2837901604792 0.000632914474718
1426.403873215002 0.000469678281137
1600.4514690350306 0.000343938554093
1795.7360834719918 0.000247555214693
2014.8490247115055 0.000175406902438
2260.697788358622 0.000122134900692
2536.5446381380084 8.34161176178e-05
2846.0498941515416 5.57602365114e-05
3193.3205031021794 3.63792903766e-05
3582.964534981475 2.30012294764e-05
4020.1523293586683 1.4145148296e-05
4510.685102645451 8.48420906802e-06
5061.071926713142 4.98663549893e-06
5678.616100321739 2.88149663678e-06
6371.512059457241 1.6738522179e-06
7148.954112518533 1.00005618284e-06
8021.25844320371 6.10894746007e-07
9000.0 4.29131203063e-07
