E(GeV) dN/dE (GeV^-1)
1.1330328706147496e-06 0.766605264802
1.27128379016048e-06 1.02485649215
1.4264038732149998e-06 1.21787241344
1.6004514690350305e-06 1.08542993101
1.7957360834719944e-06 1.45108566643
2.014849024711504e-06 1.50882837177
2.260697788358624e-06 1.5368510878
2.5365446381380042e-06 1.71214996722
2.8460498941515417e-06 1.83114631741
3.1933205031021843e-06 1.90401268546
3.582964534981472e-06 2.06058589759
4.020152329358671e-06 2.16058719333
4.510685102645444e-06 2.21446916743
5.061071926713142e-06 2.23108003462
5.6786161003217485e-06 2.29436789297
6.3715120594572366e-06 2.31750520864
7.14895411251854e-06 2.30847618443
8.021258443203697e-06 2.32814624464
9e-06 2.31623723682
1.0098166088717666e-05 2.27938492382
1.1330328706147494e-05 2.22315526792
1.2712837901604799e-05 2.18636051658
1.4264038732150028e-05 2.10082991318
1.6004514690350304e-05 2.03518112064
1.7957360834719906e-05 1.95896564968
2.014849024711504e-05 1.85370342818
2.260697788358624e-05 1.76737875097
2.5365446381380097e-05 1.6607854682
2.846049894151541e-05 1.57173392244
3.193320503102178e-05 1.46880978593
3.5829645349814724e-05 1.36968356722
4.020152329358671e-05 1.27474644407
4.5106851026454526e-05 1.17463147142
5.0610719267131415e-05 1.08121570909
5.6786161003217365e-05 1.00187397993
6.371512059457236e-05 0.933818275246
7.14895411251854e-05 0.874790975152
8.021258443203713e-05 0.795901158052
8.999999999999999e-05 0.733475124992
0.00010098166088717668 0.688116203418
0.00011330328706147496 0.647781448757
0.000127128379016048 0.611497706982
0.00014264038732150026 0.581534077418
0.00016004514690350305 0.569850713778
0.0001795736083471991 0.580434266572
0.0002014849024711504 0.603531348709
0.00022606977883586241 0.630108945998
0.0002536544638138009 0.662602037313
0.0002846049894151541 0.708043242732
0.00031933205031021777 0.773845155733
0.0003582964534981472 0.871506623746
0.00040201523293586713 0.964702181824
0.00045106851026454524 1.0870155174
0.0005061071926713141 1.24768860398
0.0005678616100321737 1.43474472241
0.0006371512059457237 1.65428974746
0.000714895411251854 1.8941654587
0.0008021258443203713 2.19278890484
0.0009 2.55268645474
0.0010098166088717668 2.9588996747
0.0011330328706147495 3.39567802044
0.0012712837901604798 3.89138010069
0.0014264038732150026 4.48024814094
0.0016004514690350306 5.14792280528
0.0017957360834719909 5.8889893296
0.0020148490247115037 6.71471734821
0.002260697788358624 7.64756311928
0.0025365446381380094 8.71073417321
0.0028460498941515412 9.90192371139
0.0031933205031021775 11.2244267826
0.003582964534981472 12.6615730751
0.004020152329358671 14.2363250756
0.004510685102645452 15.9768173554
0.005061071926713142 17.8454652785
0.005678616100321737 19.8472000214
0.006371512059457236 21.998918193
0.0071489541125185395 24.3075859789
0.008021258443203713 26.75370307
0.009000000000000001 29.3155530977
0.010098166088717667 32.0112087903
0.011330328706147495 34.8054122325
0.012712837901604799 37.6723240142
0.014264038732150028 40.5827970713
0.016004514690350306 43.4926617562
0.017957360834719906 46.3561408522
0.020148490247115042 49.1453637332
0.02260697788358624 51.8023898782
0.025365446381380094 54.3167763265
0.028460498941515415 56.6688970928
0.03193320503102178 58.8158086596
0.035829645349814726 60.7154543788
0.04020152329358671 62.3573011483
0.04510685102645453 63.5965505129
0.05061071926713142 64.5268162211
0.056786161003217366 65.1340912117
0.06371512059457236 65.3898340459
0.0714895411251854 65.2756754285
0.08021258443203713 64.8085853549
0.09000000000000001 63.9246926823
0.10098166088717667 62.7099778465
0.11330328706147506 61.1842572311
0.12712837901604787 59.3773702159
0.14264038732150028 57.3238539474
0.16004514690350305 55.0580642041
0.1795736083471991 52.5442739104
0.20148490247115058 49.889278629
0.22606977883586216 47.1235408735
0.25365446381380097 44.285842693
0.28460498941515416 41.4165866314
0.3193320503102178 38.5525957362
0.3582964534981476 35.662253466
0.4020152329358667 32.8366938287
0.45106851026454525 30.1002790304
0.5061071926713142 27.4725086955
0.5678616100321737 24.9695858947
0.6371512059457242 22.6053622744
0.7148954112518532 20.367992767
0.8021258443203714 18.2875459787
0.9 16.363609996
1.0098166088717668 14.5930682676
1.1330328706147508 12.9717867143
1.2712837901604785 11.495509182
1.4264038732150026 10.1494838064
1.6004514690350304 8.93589443991
1.795736083471991 7.84570507096
2.014849024711506 6.87043770469
2.2606977883586215 6.00080969702
2.5365446381380092 5.22634102801
2.8460498941515415 4.53746811164
3.193320503102178 3.92921346633
3.582964534981476 3.39379806412
4.020152329358668 2.92376146893
4.510685102645452 2.51243340756
5.061071926713142 2.15406014845
5.6786161003217375 1.84075071122
6.371512059457243 1.56894400557
7.148954112518532 1.33397149173
8.021258443203713 1.13130181092
9.0 0.956942557029
10.098166088717672 0.807549522337
11.330328706147508 0.679163700171
12.712837901604786 0.569753423153
14.264038732150022 0.476753998072
16.004514690350305 0.397908436801
17.957360834719918 0.331202104729
20.14849024711506 0.274834682965
22.606977883586215 0.227229081259
25.36544638138008 0.187312682078
28.46049894151541 0.153885920001
31.933205031021796 0.125988682598
35.82964534981476 0.102786666951
40.20152329358667 0.0835275446888
45.1068510264545 0.0675278109727
50.61071926713142 0.0543389839725
56.786161003217394 0.0435022400684
63.71512059457242 0.0346381826294
71.48954112518533 0.0274191810279
80.21258443203709 0.0215589049401
90.0 0.016794780453
100.98166088717673 0.0129776651616
113.30328706147506 0.00993996868355
127.1283790160479 0.00753753937231
142.6403873215002 0.00565210324524
160.04514690350305 0.00418780575981
179.57360834719918 0.00304786033377
201.48490247115055 0.00218184342247
226.06977883586222 0.00153399830797
253.65446381380085 0.00105672697472
284.60498941515414 0.000711386610716
319.33205031021794 0.000467003991408
358.29645349814746 0.00029577771185
402.01523293586683 0.000180757965475
451.068510264545 0.000106748967622
506.1071926713142 6.11779307648e-05
567.8616100321739 3.36652600936e-05
637.1512059457241 1.81719673125e-05
714.8954112518534 9.84929588899e-06
802.125844320371 5.48522083825e-06
900.0 3.71032252373e-06
