E(GeV) dN/dE (GeV^-1)
1.1330328706147497e-07 0.0
1.27128379016048e-07 0.0
1.4264038732149997e-07 0.0
1.6004514690350305e-07 0.0
1.7957360834719944e-07 0.0
2.014849024711504e-07 0.0
2.2606977883586238e-07 0.0
2.5365446381380044e-07 0.0
2.846049894151542e-07 0.0
3.193320503102184e-07 0.0
3.582964534981472e-07 0.0
4.020152329358672e-07 0.0
4.5106851026454435e-07 0.0
5.061071926713142e-07 0.0
5.678616100321748e-07 0.0
6.371512059457237e-07 0.0
7.148954112518539e-07 0.0
8.021258443203697e-07 0.0
9.000000000000001e-07 0.0
1.0098166088717667e-06 0.0
1.1330328706147494e-06 0.0
1.2712837901604798e-06 0.0
1.4264038732150028e-06 0.0
1.6004514690350305e-06 0.0
1.7957360834719908e-06 0.0
2.014849024711504e-06 0.0
2.260697788358624e-06 0.0
2.5365446381380097e-06 0.0
2.8460498941515413e-06 0.0
3.193320503102178e-06 0.0
3.582964534981472e-06 0.0
4.020152329358671e-06 0.0
4.510685102645453e-06 0.0
5.061071926713141e-06 0.0
5.678616100321737e-06 0.0
6.371512059457236e-06 0.0
7.14895411251854e-06 0.0
8.021258443203714e-06 0.0
9e-06 0.0
1.0098166088717666e-05 0.0
1.1330328706147496e-05 0.0
1.2712837901604799e-05 0.0
1.4264038732150026e-05 0.0
1.6004514690350304e-05 0.0
1.795736083471991e-05 0.0
2.014849024711504e-05 0.0
2.260697788358624e-05 0.0
2.5365446381380093e-05 0.0
2.846049894151541e-05 0.0
3.193320503102178e-05 0.0
3.5829645349814724e-05 0.0
4.0201523293586716e-05 0.0
4.5106851026454526e-05 0.00962812681489
5.0610719267131415e-05 0.0171621541125
5.6786161003217365e-05 0.0152957859532
6.371512059457237e-05 0.0136323835802
7.14895411251854e-05 0.0182248119823
8.021258443203713e-05 0.0162428807766
8.999999999999999e-05 0.0144764827301
0.00010098166088717668 0.0129021788141
0.00011330328706147496 0.00766605264802
0.000127128379016048 0.0102485649215
0.00014264038732150026 0.0274021293024
0.00016004514690350305 0.0352764727577
0.0001795736083471991 0.0362771416608
0.0002014849024711504 0.0387984438456
0.00022606977883586241 0.0499476603535
0.00025365446381380097 0.0650616987542
0.0002846049894151541 0.0885054053415
0.00031933205031021777 0.103360688639
0.0003582964534981472 0.123635153856
0.00040201523293586713 0.15556227792
0.00045106851026454524 0.202190663113
0.0005061071926713142 0.265155281038
0.0005678616100321737 0.325035451505
0.0006371512059457236 0.39329426629
0.000714895411251854 0.472630124075
0.0008021258443203713 0.57499797949
0.0009000000000000001 0.710312752624
0.0010098166088717668 0.849393438594
0.0011330328706147495 1.03261729169
0.00127128379016048 1.25374110873
0.0014264038732150026 1.50863945215
0.0016004514690350306 1.80805490757
0.0017957360834719909 2.16453611909
0.002014849024711504 2.55961955926
0.002260697788358624 3.01549394065
0.0025365446381380094 3.53456239232
0.0028460498941515417 4.12679341733
0.003193320503102178 4.81334406884
0.0035829645349814724 5.6146117272
0.004020152329358671 6.52162441372
0.004510685102645452 7.5326612949
0.0050610719267131414 8.6601945867
0.005678616100321736 9.90922197189
0.006371512059457236 11.2961338442
0.0071489541125185395 12.8367070691
0.008021258443203713 14.5190779827
0.009000000000000001 16.3147065072
0.010098166088717667 18.1904378519
0.011330328706147507 20.1571954932
0.012712837901604787 22.218820426
0.014264038732150028 24.3622588648
0.016004514690350306 26.5445688632
0.01795736083471991 28.6857144426
0.02014849024711506 30.8214406815
0.022606977883586215 32.8980649131
0.025365446381380094 34.8802444406
0.028460498941515415 36.7426375387
0.03193320503102178 38.4556298101
0.03582964534981476 39.916094266
0.04020152329358667 41.1794523409
0.04510685102645453 42.2188835614
0.05061071926713142 42.9983269268
0.056786161003217366 43.4947757249
0.06371512059457242 43.7224486053
0.07148954112518532 43.5819709583
0.08021258443203713 43.1541776902
0.09 42.4552050301
0.10098166088717667 41.5007096993
0.11330328706147508 40.3067747631
0.12712837901604784 38.89092621
0.14264038732150028 37.2270348872
0.16004514690350305 35.410135313
0.1795736083471991 33.4696754339
0.20148490247115058 31.4339969794
0.22606977883586216 29.3322226769
0.2536544638138009 27.1953671782
0.28460498941515416 25.0252070254
0.3193320503102178 22.8835668615
0.3582964534981476 20.7944244035
0.4020152329358667 18.7804925862
0.4510685102645452 16.8605667479
0.5061071926713142 15.048104523
0.5678616100321737 13.3413577255
0.6371512059457243 11.7657851358
0.7148954112518533 10.3249033398
0.8021258443203713 9.01744479627
0.9 7.84045773858
1.0098166088717673 6.79079861435
1.1330328706147508 5.85378898606
1.2712837901604785 5.02576949691
1.4264038732150022 4.29851143452
1.6004514690350307 3.66371487242
1.795736083471992 3.11223025209
2.014849024711506 2.63408584362
2.2606977883586215 2.21947365915
2.5365446381380083 1.86231733318
2.846049894151541 1.55679680415
3.1933205031021794 1.29644468555
3.582964534981476 1.07524935738
4.020152329358667 0.88807231175
4.51068510264545 0.729023372702
5.061071926713142 0.595542794318
5.67861610032174 0.483759592904
6.371512059457242 0.390627976547
7.148954112518532 0.313487238635
8.02125844320371 0.249900673182
9.0 0.197343895126
10.098166088717672 0.154559199689
11.330328706147505 0.119934588743
12.712837901604791 0.0921521578521
14.264038732150022 0.070039842497
16.004514690350305 0.0525447674803
17.957360834719918 0.038760457116
20.148490247115056 0.0281233106778
22.60697788358622 0.0200323736635
25.36544638138008 0.0139839506142
28.460498941515414 0.00954394986589
31.933205031021792 0.00634427906868
35.82964534981475 0.00405491789803
40.20152329358668 0.00250092288803
45.1068510264545 0.00147968904142
50.610719267131415 0.000840679538123
56.786161003217394 0.000448732472508
63.71512059457241 0.000226536134145
71.48954112518534 0.000109506820265
80.2125844320371 5.41754216834e-05
90.0 3.39135735424e-05
